-0.00189678  0.00149597  -6.45298e-05  -0.0133031  -0.0112505  0.04726  
-0.000582955  0.00143238  -0.00049396  -0.029303  0.0277703  -0.0283  
-0.000624581  0.000909618  1.78332e-05  -0.0206708  -0.020261  0.00487645  
-0.000183876  0.000876135  2.56143e-05  -0.00516666  0.0490441  -0.0188922  
-0.00102063  0.000752388  6.03912e-07  -9.14412e-05  0.0240445  -0.00165998  
-0.000877889  0.00103046  -6.52682e-05  -0.00994526  0.0445362  -0.00045933  
-0.000360512  0.000744169  0.000341488  -8.76938e-05  0.0366682  0.0448137  
3.20445e-06  0.00104924  0.000147566  -0.00765633  0.022312  0.028622  
-0.0011521  0.000665072  4.17258e-05  -0.00924819  0.0417939  0.0335331  
-0.000669544  0.000390109  0.000483594  -7.27201e-05  -0.00127862  0.0448937  
-0.00120302  0.000766404  0.000172701  -0.0179494  0.0427919  0.0293396  
-0.000754555  0.000481812  0.000438383  0.00264132  -0.0267149  0.0261725  
-0.000515156  0.00100947  2.01727e-05  -0.0176834  0.0538169  0.0260786  
-0.000809799  0.000628301  0.000336441  -7.62861e-05  -0.00439264  0.043717  
-0.000868658  0.000974867  -0.000156159  -0.0170162  0.0367087  0.0208564  
-0.00105319  0.000800273  -1.27875e-05  -0.0136957  0.000645393  0.0437068  
-0.00035609  0.000903394  -7.36873e-05  -0.0114215  0.00400706  0.017098  
-0.000966902  0.000886791  1.51578e-05  -0.0210034  0.0105351  0.0436812  
-0.000408208  0.00109997  -6.11937e-05  -0.0380998  0.00873256  0.0131868  
-0.00072771  0.0011294  -0.000523755  -0.0381048  0.0521896  0.0214575  
-0.000751341  0.00115518  -7.12423e-05  -0.021191  -0.0137381  0.00477457  
-0.000406269  0.00101702  -0.000251864  -0.0321581  0.0473767  0.00744198  
-0.000833972  0.001005  -0.000156624  -0.0107342  -0.00310107  0.0303754  
-0.000639106  0.000910973  -0.000113471  -0.0216474  0.00015218  0.00958881  
-0.000835505  0.000599242  -0.00028471  -0.0380492  0.0249186  0.0206278  
0.000282517  0.00126097  8.47617e-05  -0.00400598  -0.0306724  0.00283328  
-7.51743e-05  0.00109307  1.79884e-05  -0.0194594  0.0395775  0.0205595  
-0.000833972  0.000899727  -5.6121e-05  -0.0140354  -0.0104768  0.020618  
-0.000454462  0.000899727  -0.00028471  -0.0163285  0.00864255  -0.00535372  
-0.000295617  0.000899727  -0.00028471  -0.0194723  0.0260882  0.0165251  
-0.000498447  0.000374361  -6.05637e-05  -0.0194651  -0.0184749  0.0206296  
-0.000104435  0.000722531  -7.78042e-05  -0.0194579  0.0297966  0.0206039  
7.13323e-05  0.000448171  -0.00028471  -0.0194356  -0.00416461  0.0659349  
0.000226678  0.000400695  -0.0001529  -0.00786845  -0.00173733  0.0322359  
-9.90875e-06  0.000676109  -0.000111076  -0.0194541  0.0397991  0.0245594  
0.000767405  0.000187543  -0.00028471  -0.00733536  -0.0188719  -0.00192731  
-0.00035028  0.000464  -0.00028471  -0.00820068  0.0462628  -0.00643693  
-4.61645e-07  0.000112366  -0.00028471  -0.00476993  -0.00238861  0.0358043  
0.00132578  0.000112366  0.000101744  -0.00941611  -0.00207143  0.0102569  
5.90317e-05  0.000112366  -0.000310338  -0.00948678  0.0221076  0.0358921  
0.000789363  0.000298296  0.000106738  -0.00947179  -0.0125655  0.0109583  
0.000127504  0.00045951  -6.03384e-05  -0.00713148  0.0315404  -0.0157779  
0.000199791  0.000480693  2.5734e-05  -0.0109228  -0.0216613  0.0156278  
0.000532798  0.000112366  2.43739e-06  -0.00710022  -0.00434328  -0.0170975  
-0.000299348  0.00083009  1.79263e-05  -0.00711686  0.0173939  0.00785377  
-0.00102405  0.000766672  1.79263e-05  -0.00148113  -0.0181889  -0.00260368  
-0.000287777  0.000112366  1.79263e-05  -0.00711605  0.047434  -0.0381884  
0.000569059  0.000504281  0.000267926  -0.00708882  0.0227966  0.00497867  
0.000861249  0.000478794  1.79263e-05  -0.00936746  0.0213997  -0.00286737  
-0.00026227  0.000112366  -5.53926e-05  -0.0247429  0.0381895  0.00866751  
0.00103314  0.000112366  5.46325e-05  -0.00713253  0.00661618  -0.0329548  
0.000162299  -7.14025e-06  0.000110932  -0.00711607  0.0509115  -0.0130037  
-0.000698402  0.000779818  -0.000396018  -0.00711404  0.0192241  0.0104134  
0.0010785  0.000173495  0.000248249  0.00193963  -0.00256119  -0.0305425  
7.95716e-05  -0.000121594  -0.000396018  -0.00712762  0.0449502  -0.0258013  
0.000780587  0.000112366  0.000314095  -0.00709142  -0.0140685  -0.00451607  
0.00111896  -0.000240706  -0.000188839  -0.00712112  0.0282581  -0.037979  
-0.000602863  0.000112366  -0.000396018  -0.00712889  -0.00266294  0.0218156  
0.000983146  0.000112366  0.000243591  -0.00714062  -0.0265353  -0.00566897  
-0.000135432  -0.000603388  -0.000145382  -0.00712356  0.0221329  0.0102798  
0.000723759  -0.000236648  7.30061e-05  -0.00712193  -0.0151478  0.00828242  
0.00100294  -0.00029525  5.15966e-05  -0.00710528  0.0272744  -0.0155895  
0.000430648  0.000112366  -0.000215756  -0.0141455  0.0472617  0.012576  
0.00107507  -0.000296621  -0.000155045  -0.00713261  0.00584144  -0.00709877  
-5.86887e-05  0.000112366  -0.000363959  -0.00714811  0.0479268  0.0306011  
0.000751889  0.000112366  9.18837e-06  -0.00716407  -0.0443068  0.0506632  
2.10209e-05  0.000112366  -0.000534249  -0.00715201  0.0118073  0.0526167  
0.000203084  0.000326019  -0.000363959  -0.00715612  -0.0187532  0.0396797  
0.000564421  -0.000307045  -3.60677e-05  -0.00713239  -0.00892312  -0.0175678  
-0.000566744  0.000112366  -0.000363959  -0.0100416  -0.0123289  0.010011  
0.000442651  -0.00034157  0.000168231  -0.00439596  -0.0330991  -0.0250294  
0.000210842  0.000112366  -0.000363959  -0.0140834  0.0277547  0.0380998  
0.000812777  -0.000177036  0.000183892  -0.0071457  -0.0400433  0.0239647  
3.21353e-05  2.4783e-05  5.63063e-05  -0.00254038  -0.00181045  -2.87659e-05  
6.44062e-05  0.000177748  -0.000284654  -0.000532448  -0.0258207  0.0203907  
0.000917096  0.000112366  -0.000363959  -0.00153004  -0.000640565  -0.0208919  
0.00102103  -0.000334005  -0.000363959  -0.00712962  0.015901  0.0164877  
0.000691173  0.000112366  -0.000201955  -0.00714957  -0.0327586  -0.00946761  
0.000206104  -0.000295618  -0.000363959  -0.00716151  0.0344963  -0.0434467  
0.000492738  0.000210803  -0.00025203  -0.00713463  -0.0155569  -0.05828  
-5.59285e-06  0.000112366  -0.000363959  -0.00714811  0.0308543  -0.0307669  
0.000303612  0.000112366  -4.92198e-05  -0.00713545  -0.0178118  0.0501581  
0.00111551  -0.00030233  -0.000133424  -0.00714043  -0.00713238  -0.0322706  
-0.000695762  0.000112366  -0.000363959  -0.00714811  0.00269318  0.0202711  
0.000892671  1.16945e-05  -0.000363959  -0.00249033  -0.0320501  -0.0263505  
-0.000505265  0.000222587  -0.000363959  -0.00715136  0.0392747  0.0193099  
0.00078079  0.000112366  0.000434935  0.0101353  -0.0454543  0.0192986  
0.00069491  -0.000468126  0.000331388  0.013064  0.0202392  -0.0170554  
0.000419915  -0.000535848  0.000370234  0.0192597  -0.00964366  -0.0472629  
0.000290682  0.000112366  4.18565e-05  0.0107947  0.0201565  -0.0433865  
0.00168226  0.000112366  0.000141904  0.0132541  0.00872196  0.00320923  
0.00030409  -0.000348244  0.000381135  0.0149021  -0.0394865  -0.00295709  
-0.000293086  -0.000492821  -8.8927e-05  0.0108384  0.0245492  -0.0322609  
0.00017177  -0.000469973  0.000316157  0.0108458  -0.0498737  -0.0219472  
0.000276225  -0.000356249  0.000378014  0.0109025  -0.0104259  -0.0380698  
0.000813846  0.000112366  0.00056343  0.014676  -0.0104334  -0.0020972  
-0.000298808  -0.000511773  0.000328276  0.0108643  -0.0157408  0.00967697  
3.67522e-05  0.000112366  0.000444028  0.0108351  -0.0507685  0.0589316  
0.0015605  0.000112366  0.0010925  0.0355191  0.0096078  -0.0413005  
-0.000775635  -0.000429009  0.00016116  0.018884  -0.0173417  0.00181002  
0.00131147  -0.000310777  0.00016116  0.0222444  -0.0229344  -0.0316921  
7.58782e-05  -0.000657865  0.000110782  0.0106837  0.021878  0.00450133  
0.00185949  0.000112366  0.00113654  0.0577676  0.00936195  -0.0434907  
0.000181168  0.000112366  0.000412317  0.0430642  0.0531753  -0.0531116  
0.000196451  -0.000521624  0.000568978  0.0386181  -0.00874115  -0.0612008  
-0.00010418  -0.00014715  0.000161159  0.0365212  0.0288262  -0.0444121  
0.00131125  -0.00041208  0.000648603  0.038668  0.00382378  0.015299  
0.000929931  -0.000512982  0.000161159  0.0386587  -0.0186123  -0.0288164  
-0.000157243  -0.00105184  0.000161159  0.0386415  -0.030404  0.0211654  
0.000128069  -0.000295505  0.00016116  0.0386213  -0.026625  -0.0285864  
0.000826418  -0.000740439  0.00016116  0.0191954  0.000409424  0.0153001  
0.00142317  -0.000703501  0.000465983  0.0291461  -0.0383934  -0.0171213  
-9.01903e-05  -0.000774627  0.0001591  0.0212243  0.0118924  -0.0071819  
0.00132214  -0.000159229  0.000718247  0.039454  -0.00310866  -0.0699179  
0.000531461  -0.000295505  0.000462947  0.0130735  0.033447  -0.0107278  
0.00079903  -0.000810155  0.000259254  0.0308388  -0.0247807  -0.0290499  
0.00068388  -0.000494892  0.000466634  0.0336026  0.0367807  -0.033562  
0.00140072  -0.000295505  0.000713543  0.0509499  -0.0359086  0.00626967  
7.00012e-05  -0.000905199  0.000261476  0.0256388  0.0169159  -0.00320738  
0.00110512  -0.000732709  0.000484933  0.0381029  0.0136956  -0.0491152  
0.000799788  -0.000885588  0.000651999  0.0336187  0.0389494  -0.0408187  
0.000398264  -0.000732709  0.000665053  0.0336238  -0.015983  -0.0130697  
0.000765989  -0.00119875  0.000529513  0.0336175  0.00767519  -0.0317818  
0.000871396  -0.00134538  0.000353106  0.0336153  0.0156526  -0.0162222  
0.00119171  -0.00113863  0.000258764  0.0390284  -0.021194  -0.0519987  
0.0014291  -0.000812254  0.000282084  0.0336412  0.0129057  -0.0252105  
0.000558867  -0.000732709  0.000636786  0.0528263  -0.0156891  -0.0759478  
4.64314e-05  -0.000732709  0.000479512  0.0383307  0.0398527  -0.0486717  
0.000960604  -0.000929448  0.000803379  0.0575533  -0.0185634  -0.057272  
-7.96536e-05  -0.00073271  0.000229512  0.0505636  0.0333103  -0.0567853  
0.00071402  -0.000732709  0.000825381  0.0464803  -0.0238577  -0.0736515  
0.000522651  7.44835e-05  0.00115764  0.0380462  0.058609  0.0916469  
0.00178241  -0.000311425  0.00085578  0.0382129  0.00607248  0.111066  
0.00179477  -0.00107522  0.00085578  0.0105509  -0.167371  0.128047  
0.00140863  -0.00178442  0.000670704  0.00587899  -0.0969906  0.106778  
0.00132626  -0.00178442  0.000337159  -0.0333546  -0.0408582  0.147483  
0.0020933  -0.00191538  0.000337159  -0.0187541  -0.125086  0.153948  
0.00175273  -0.00222309  0.000604743  -0.0297271  -0.0487582  0.175262  
0.00224266  -0.00246902  0.000533124  -0.0137884  -0.0872624  0.141261  
0.00323066  -0.00221902  0.000337159  -0.000223615  -0.0693384  0.130332  
0.00127109  -0.00204013  0.000526131  -0.0119768  -0.0696482  0.157236  
0.00185436  -0.00221901  0.000800279  0.0111218  -0.101704  0.126801  
0.00145955  -0.00221901  0.000564253  0.0087708  -0.0324375  0.133741  
0.00149814  -0.00203196  0.0012981  0.0383363  -0.0494074  0.0863475  
-0.000691544  -0.0012472  0.00114142  0.0533176  -0.0477491  0.115277  
0.000685146  -0.0019446  0.00133728  0.047784  -0.0670954  0.0821704  
