8.458363e+01 0.000000e+00 4.156971e+01 4.301391e+01
-1.361392e+00 0.000000e+00 4.156971e+01 -4.293111e+01
1.595113e+02 0.000000e+00 1.364298e+02 2.308149e+01
1.158019e+02 0.000000e+00 1.364298e+02 -2.062791e+01
4.539284e+01 0.000000e+00 -4.796713e+00 5.018955e+01
-5.457103e+01 0.000000e+00 -4.796713e+00 -4.977432e+01
2.270136e+02 0.000000e+00 1.855886e+02 4.142502e+01
1.338807e+02 0.000000e+00 1.855886e+02 -5.170789e+01
1.258687e+02 0.000000e+00 1.692547e+02 -4.338591e+01
2.180229e+02 0.000000e+00 1.692547e+02 4.876828e+01
1.093489e+02 0.000000e+00 8.275462e+01 2.659424e+01
5.643765e+01 0.000000e+00 8.275462e+01 -2.631697e+01
1.046877e+02 0.000000e+00 9.986393e+01 4.823805e+00
9.440971e+01 0.000000e+00 9.986393e+01 -5.454217e+00
1.500919e+02 0.000000e+00 1.183931e+02 3.169887e+01
8.412805e+01 0.000000e+00 1.183931e+02 -3.426502e+01
1.612929e+02 0.000000e+00 1.548652e+02 6.427697e+00
1.478050e+02 0.000000e+00 1.548652e+02 -7.060155e+00
8.525400e+01 0.000000e+00 1.343742e+02 -4.912023e+01
1.720742e+02 0.000000e+00 1.343742e+02 3.769997e+01
1.610841e+02 0.000000e+00 1.298831e+02 3.120094e+01
1.041625e+02 0.000000e+00 1.298831e+02 -2.572057e+01
2.031457e+02 0.000000e+00 1.851650e+02 1.798067e+01
1.662524e+02 0.000000e+00 1.851650e+02 -1.891256e+01
1.663087e+02 0.000000e+00 1.733757e+02 -7.067042e+00
1.805720e+02 0.000000e+00 1.733757e+02 7.196232e+00
1.284901e+02 0.000000e+00 1.329023e+02 -4.412141e+00
1.366815e+02 0.000000e+00 1.329023e+02 3.779258e+00
3.376653e+02 0.000000e+00 3.280270e+02 9.638345e+00
3.188273e+02 0.000000e+00 3.280270e+02 -9.199740e+00
2.736057e+02 2.635669e+02 2.635669e+02 2.736057e+02
2.538984e+02 2.635669e+02 2.635669e+02 2.538984e+02
2.306871e+02 0.000000e+00 1.945257e+02 3.616140e+01
1.639043e+02 0.000000e+00 1.945257e+02 -3.062148e+01
1.062162e+02 0.000000e+00 8.700760e+01 1.920862e+01
6.606430e+01 0.000000e+00 8.700760e+01 -2.094331e+01
1.617404e+02 0.000000e+00 1.527699e+02 8.970555e+00
1.542793e+02 0.000000e+00 1.527699e+02 1.509452e+00
1.500088e+02 0.000000e+00 1.297570e+02 2.025176e+01
1.073592e+02 0.000000e+00 1.297570e+02 -2.239787e+01
2.365901e+02 0.000000e+00 2.517660e+02 -1.517589e+01
2.706096e+02 0.000000e+00 2.517660e+02 1.884358e+01
1.528827e+02 0.000000e+00 9.899321e+01 5.388951e+01
5.000083e+01 0.000000e+00 9.899321e+01 -4.899238e+01
5.113888e+01 0.000000e+00 5.769057e+01 -6.551689e+00
6.270704e+01 0.000000e+00 5.769057e+01 5.016467e+00
1.203065e+02 0.000000e+00 1.148228e+02 5.483647e+00
1.066769e+02 0.000000e+00 1.148228e+02 -8.145889e+00
4.876354e+01 0.000000e+00 7.018788e+01 -2.142434e+01
9.593325e+01 0.000000e+00 7.018788e+01 2.574537e+01
1.300659e+02 0.000000e+00 1.089952e+02 2.107077e+01
8.765940e+01 0.000000e+00 1.089952e+02 -2.133576e+01
