1.868761e+02 0.000000e+00 1.361483e+02 5.072781e+01
8.244746e+01 0.000000e+00 1.361483e+02 -5.370087e+01
1.149686e+01 0.000000e+00 1.504038e+01 -3.543519e+00
1.775348e+01 0.000000e+00 1.504038e+01 2.713099e+00
1.087740e+02 0.000000e+00 1.037401e+02 5.033844e+00
9.780258e+01 0.000000e+00 1.037401e+02 -5.937531e+00
1.317630e+02 0.000000e+00 7.732582e+01 5.443715e+01
1.088261e+01 0.000000e+00 7.732582e+01 -6.644321e+01
2.768769e+02 0.000000e+00 3.556937e+02 -7.881683e+01
4.800383e+02 0.000000e+00 3.556937e+02 1.243446e+02
2.451718e+02 0.000000e+00 1.488323e+02 9.633951e+01
4.469929e+01 0.000000e+00 1.488323e+02 -1.041330e+02
2.212261e+02 0.000000e+00 1.836611e+02 3.756496e+01
1.432123e+02 0.000000e+00 1.836611e+02 -4.044887e+01
3.711072e+02 0.000000e+00 2.805004e+02 9.060681e+01
1.582388e+02 0.000000e+00 2.805004e+02 -1.222616e+02
2.140771e+02 0.000000e+00 2.137975e+02 2.795563e-01
2.135040e+02 0.000000e+00 2.137975e+02 -2.935181e-01
3.920153e+01 0.000000e+00 5.360606e+01 -1.440453e+01
6.238892e+01 0.000000e+00 5.360606e+01 8.782860e+00
1.954552e+02 0.000000e+00 2.545811e+02 -5.912582e+01
3.617411e+02 0.000000e+00 2.545811e+02 1.071600e+02
2.915293e+02 0.000000e+00 2.971809e+02 -5.651611e+00
3.039153e+02 0.000000e+00 2.971809e+02 6.734344e+00
1.792879e+02 0.000000e+00 1.369681e+02 4.231982e+01
9.998723e+01 0.000000e+00 1.369681e+02 -3.698083e+01
5.410927e+02 5.254899e+02 5.254899e+02 5.410927e+02
5.075164e+02 5.254899e+02 5.254899e+02 5.075164e+02
3.301002e+02 0.000000e+00 3.454887e+02 -1.538852e+01
3.616992e+02 0.000000e+00 3.454887e+02 1.621057e+01
1.959940e+02 0.000000e+00 1.885819e+02 7.412079e+00
1.821841e+02 0.000000e+00 1.885819e+02 -6.397797e+00
1.899272e+02 0.000000e+00 2.172370e+02 -2.730974e+01
2.516361e+02 0.000000e+00 2.172370e+02 3.439915e+01
9.149049e+01 0.000000e+00 9.516089e+01 -3.670403e+00
9.887878e+01 0.000000e+00 9.516089e+01 3.717888e+00
-2.432195e+02 0.000000e+00 8.854955e+01 -3.317691e+02
2.393426e+02 0.000000e+00 8.854955e+01 1.507931e+02
4.541967e+01 0.000000e+00 2.938360e+01 1.603607e+01
1.405629e+01 0.000000e+00 2.938360e+01 -1.532730e+01
2.772552e+02 0.000000e+00 3.280456e+02 -5.079034e+01
3.809074e+02 0.000000e+00 3.280456e+02 5.286185e+01
1.450740e+02 0.000000e+00 8.278909e+01 6.228492e+01
2.320916e+01 0.000000e+00 8.278909e+01 -5.957992e+01
1.264999e+02 0.000000e+00 1.252574e+02 1.242523e+00
1.237496e+02 0.000000e+00 1.252574e+02 -1.507805e+00
1.526599e+02 0.000000e+00 1.603386e+02 -7.678711e+00
1.693972e+02 0.000000e+00 1.603386e+02 9.058533e+00
1.541841e+02 0.000000e+00 1.183083e+02 3.587585e+01
6.854976e+01 0.000000e+00 1.183083e+02 -4.975853e+01
2.424820e+02 0.000000e+00 1.582461e+02 8.423596e+01
5.686713e+01 0.000000e+00 1.582461e+02 -1.013790e+02
