-7.892847e+01 0.000000e+00 -5.986805e+00 -7.294166e+01
5.490910e+01 0.000000e+00 -5.986805e+00 6.089590e+01
2.144922e+02 0.000000e+00 2.088382e+02 5.654037e+00
1.945579e+02 0.000000e+00 2.088382e+02 -1.428023e+01
3.987973e+02 0.000000e+00 9.038984e+01 3.084075e+02
-2.803813e+02 0.000000e+00 9.038984e+01 -3.707712e+02
3.732752e+02 0.000000e+00 3.282545e+02 4.502069e+01
2.615003e+02 0.000000e+00 3.282545e+02 -6.675418e+01
1.644670e+02 0.000000e+00 1.991844e+02 -3.471738e+01
2.395574e+02 0.000000e+00 1.991844e+02 4.037302e+01
1.491461e+02 0.000000e+00 1.874962e+02 -3.835008e+01
2.285628e+02 0.000000e+00 1.874962e+02 4.106654e+01
3.630692e+02 0.000000e+00 3.491745e+02 1.389471e+01
3.342073e+02 0.000000e+00 3.491745e+02 -1.496713e+01
7.311728e+01 0.000000e+00 3.511390e+01 3.800338e+01
2.210665e-01 0.000000e+00 3.511390e+01 -3.489283e+01
3.164685e+02 0.000000e+00 3.275420e+02 -1.107349e+01
3.344650e+02 0.000000e+00 3.275420e+02 6.922943e+00
1.199364e+00 0.000000e+00 9.878929e+01 -9.758993e+01
1.740455e+02 0.000000e+00 9.878929e+01 7.525621e+01
3.009614e+02 0.000000e+00 2.722979e+02 2.866345e+01
2.355921e+02 0.000000e+00 2.722979e+02 -3.670581e+01
3.871907e+02 0.000000e+00 3.349991e+02 5.219153e+01
2.908796e+02 0.000000e+00 3.349991e+02 -4.411957e+01
7.837523e+01 0.000000e+00 7.586336e+01 2.511871e+00
7.288770e+01 0.000000e+00 7.586336e+01 -2.975655e+00
2.939128e+02 0.000000e+00 2.727501e+02 2.116272e+01
2.533102e+02 0.000000e+00 2.727501e+02 -1.943982e+01
3.353895e+02 0.000000e+00 2.969124e+02 3.847708e+01
2.631592e+02 0.000000e+00 2.969124e+02 -3.375314e+01
1.968070e+02 0.000000e+00 3.059654e+02 -1.091585e+02
4.068049e+02 0.000000e+00 3.059654e+02 1.008395e+02
3.206397e+02 0.000000e+00 3.143227e+02 6.316986e+00
3.077519e+02 0.000000e+00 3.143227e+02 -6.570862e+00
7.737824e+02 7.244802e+02 7.244802e+02 7.737824e+02
6.431031e+02 7.244802e+02 7.244802e+02 6.431031e+02
-6.230735e+02 0.000000e+00 1.143189e+02 -7.373924e+02
1.967966e+02 0.000000e+00 1.143189e+02 8.247776e+01
4.857673e+02 0.000000e+00 4.255887e+02 6.017865e+01
3.080417e+02 0.000000e+00 4.255887e+02 -1.175470e+02
8.834515e+01 0.000000e+00 9.740630e+01 -9.061150e+00
1.056685e+02 0.000000e+00 9.740630e+01 8.262222e+00
1.912477e+02 0.000000e+00 1.064361e+02 8.481161e+01
1.326996e+01 0.000000e+00 1.064361e+02 -9.316615e+01
1.811617e+02 0.000000e+00 2.286492e+02 -4.748744e+01
2.724052e+02 0.000000e+00 2.286492e+02 4.375609e+01
4.398273e+02 0.000000e+00 3.642420e+02 7.558524e+01
2.637783e+02 0.000000e+00 3.642420e+02 -1.004637e+02
8.121226e+01 0.000000e+00 7.589407e+01 5.318184e+00
6.867097e+01 0.000000e+00 7.589407e+01 -7.223099e+00
1.146156e+02 0.000000e+00 1.438026e+02 -2.918697e+01
1.763973e+02 0.000000e+00 1.438026e+02 3.259471e+01
