5.713384e+02 5.597720e+02 5.597720e+02 5.713384e+02
5.472314e+02 5.597720e+02 5.597720e+02 5.472314e+02
7.945061e+00 0.000000e+00 -4.041642e+00 1.198670e+01
-1.985351e+01 0.000000e+00 -4.041642e+00 -1.581187e+01
9.928427e+01 0.000000e+00 -5.698208e+01 1.562664e+02
-1.751260e+02 0.000000e+00 -5.698208e+01 -1.181439e+02
-1.827396e+02 0.000000e+00 -4.201704e+01 -1.407225e+02
4.828264e+01 0.000000e+00 -4.201704e+01 9.029968e+01
-1.195486e+02 0.000000e+00 -5.342643e+01 -6.612220e+01
2.567333e+01 0.000000e+00 -5.342643e+01 7.909976e+01
3.729316e+01 0.000000e+00 -2.406287e+00 3.969944e+01
-4.453203e+01 0.000000e+00 -2.406287e+00 -4.212574e+01
1.867674e+02 0.000000e+00 1.875765e+02 -8.090820e-01
1.883846e+02 0.000000e+00 1.875765e+02 8.081360e-01
-1.238205e+02 0.000000e+00 -1.733943e+02 4.957376e+01
-2.311088e+02 0.000000e+00 -1.733943e+02 -5.771452e+01
3.536073e+01 0.000000e+00 1.513011e+02 -1.159404e+02
2.503512e+02 0.000000e+00 1.513011e+02 9.905008e+01
-1.080550e+02 0.000000e+00 -6.039396e+01 -4.766106e+01
-1.477409e+01 0.000000e+00 -6.039396e+01 4.561987e+01
3.435439e+01 0.000000e+00 -1.338743e+01 4.774182e+01
-5.145552e+01 0.000000e+00 -1.338743e+01 -3.806809e+01
2.839492e+02 0.000000e+00 1.975600e+02 8.638924e+01
1.152397e+02 0.000000e+00 1.975600e+02 -8.232024e+01
7.599209e+01 0.000000e+00 8.114349e+01 -5.151405e+00
8.672581e+01 0.000000e+00 8.114349e+01 5.582321e+00
6.210546e+01 0.000000e+00 6.210064e+01 4.817963e-03
6.209528e+01 0.000000e+00 6.210064e+01 -5.367279e-03
5.523741e+01 0.000000e+00 6.720642e+01 -1.196901e+01
8.018937e+01 0.000000e+00 6.720642e+01 1.298295e+01
2.817566e+02 0.000000e+00 7.261115e+01 2.091454e+02
-1.160129e+02 0.000000e+00 7.261115e+01 -1.886240e+02
1.623765e+02 0.000000e+00 7.393335e+01 8.844312e+01
-9.006485e+00 0.000000e+00 7.393335e+01 -8.293983e+01
-2.106426e+00 0.000000e+00 -6.434124e+01 6.223481e+01
-1.198187e+02 0.000000e+00 -6.434124e+01 -5.547745e+01
1.605031e+02 0.000000e+00 1.378965e+02 2.260658e+01
1.238112e+02 0.000000e+00 1.378965e+02 -1.408530e+01
-7.858205e+01 0.000000e+00 -2.100136e+01 -5.758070e+01
3.745386e+01 0.000000e+00 -2.100136e+01 5.845522e+01
9.564236e+01 0.000000e+00 2.586636e+02 -1.630213e+02
3.724075e+02 0.000000e+00 2.586636e+02 1.137438e+02
-1.099740e+02 0.000000e+00 -1.083341e+02 -1.639931e+00
-1.067234e+02 0.000000e+00 -1.083341e+02 1.610680e+00
1.766376e+00 0.000000e+00 1.413352e+01 -1.236714e+01
2.532554e+01 0.000000e+00 1.413352e+01 1.119202e+01
9.258363e+01 0.000000e+00 5.487268e+01 3.771095e+01
9.002041e+00 0.000000e+00 5.487268e+01 -4.587064e+01
-5.178382e+01 0.000000e+00 1.206277e+01 -6.384659e+01
9.481851e+01 0.000000e+00 1.206277e+01 8.275575e+01
3.690491e+00 0.000000e+00 -4.437663e+01 4.806712e+01
-9.075584e+01 0.000000e+00 -4.437663e+01 -4.637922e+01
