8.785289e+01 0.000000e+00 4.346563e+01 4.438726e+01
1.023965e+00 0.000000e+00 4.346563e+01 -4.244166e+01
1.650910e+02 0.000000e+00 1.420479e+02 2.304306e+01
1.195885e+02 0.000000e+00 1.420479e+02 -2.245941e+01
4.814683e+01 0.000000e+00 -9.841135e+00 5.798796e+01
-6.430665e+01 0.000000e+00 -9.841135e+00 -5.446552e+01
1.970992e+02 0.000000e+00 1.543331e+02 4.276611e+01
1.047590e+02 0.000000e+00 1.543331e+02 -4.957409e+01
1.134355e+02 0.000000e+00 1.662861e+02 -5.285059e+01
2.247522e+02 0.000000e+00 1.662861e+02 5.846607e+01
1.187789e+02 0.000000e+00 8.460863e+01 3.417025e+01
4.968434e+01 0.000000e+00 8.460863e+01 -3.492429e+01
7.931392e+01 0.000000e+00 8.523689e+01 -5.922976e+00
9.060168e+01 0.000000e+00 8.523689e+01 5.364784e+00
1.083109e+02 0.000000e+00 6.852475e+01 3.978610e+01
2.464609e+01 0.000000e+00 6.852475e+01 -4.387866e+01
2.610490e+02 2.596086e+02 2.596086e+02 2.610490e+02
2.573913e+02 2.596086e+02 2.596086e+02 2.573913e+02
6.244960e+01 0.000000e+00 1.093573e+02 -4.690770e+01
1.462269e+02 0.000000e+00 1.093573e+02 3.686957e+01
1.553180e+02 0.000000e+00 1.128930e+02 4.242502e+01
7.795618e+01 0.000000e+00 1.128930e+02 -3.493681e+01
1.880207e+02 0.000000e+00 1.742651e+02 1.375551e+01
1.616202e+02 0.000000e+00 1.742651e+02 -1.264490e+01
1.463015e+02 0.000000e+00 1.519083e+02 -5.606879e+00
1.577620e+02 0.000000e+00 1.519083e+02 5.853668e+00
1.197960e+02 0.000000e+00 1.206986e+02 -9.025700e-01
1.221755e+02 0.000000e+00 1.206986e+02 1.476854e+00
2.839866e+02 0.000000e+00 2.755289e+02 8.457740e+00
2.676480e+02 0.000000e+00 2.755289e+02 -7.880875e+00
9.741708e+01 0.000000e+00 1.040842e+02 -6.667077e+00
1.095041e+02 0.000000e+00 1.040842e+02 5.419899e+00
1.800155e+02 0.000000e+00 1.571745e+02 2.284108e+01
1.401570e+02 0.000000e+00 1.571745e+02 -1.701744e+01
7.848737e+01 0.000000e+00 6.706903e+01 1.141834e+01
5.473480e+01 0.000000e+00 6.706903e+01 -1.233423e+01
1.810931e+02 0.000000e+00 1.582606e+02 2.283248e+01
1.480862e+02 0.000000e+00 1.582606e+02 -1.017439e+01
1.463874e+02 0.000000e+00 1.105482e+02 3.583923e+01
7.035231e+01 0.000000e+00 1.105482e+02 -4.019586e+01
1.960991e+02 0.000000e+00 1.928849e+02 3.214202e+00
1.915310e+02 0.000000e+00 1.928849e+02 -1.353898e+00
1.327230e+02 0.000000e+00 6.347140e+01 6.925157e+01
7.171933e-01 0.000000e+00 6.347140e+01 -6.275421e+01
4.277924e+01 0.000000e+00 5.329033e+01 -1.051109e+01
6.325037e+01 0.000000e+00 5.329033e+01 9.960039e+00
1.055056e+02 0.000000e+00 1.117558e+02 -6.250213e+00
1.182520e+02 0.000000e+00 1.117558e+02 6.496151e+00
3.830531e+01 0.000000e+00 5.425693e+01 -1.595162e+01
7.283702e+01 0.000000e+00 5.425693e+01 1.858010e+01
1.266417e+02 0.000000e+00 9.189303e+01 3.474869e+01
5.746863e+01 0.000000e+00 9.189303e+01 -3.442440e+01
