7.179988e+01 0.000000e+00 3.931378e+01 3.248611e+01
8.378477e+00 0.000000e+00 3.931378e+01 -3.093530e+01
1.576616e+02 0.000000e+00 1.347490e+02 2.291255e+01
1.129937e+02 0.000000e+00 1.347490e+02 -2.175532e+01
3.014529e+01 0.000000e+00 -1.929384e+01 4.943913e+01
-6.627404e+01 0.000000e+00 -1.929384e+01 -4.698020e+01
1.992362e+02 0.000000e+00 1.555792e+02 4.365706e+01
1.054274e+02 0.000000e+00 1.555792e+02 -5.015178e+01
1.015476e+02 0.000000e+00 1.601244e+02 -5.857680e+01
2.278696e+02 0.000000e+00 1.601244e+02 6.774525e+01
9.773428e+01 0.000000e+00 6.789877e+01 2.983551e+01
3.651929e+01 0.000000e+00 6.789877e+01 -3.137947e+01
7.541424e+01 0.000000e+00 8.757755e+01 -1.216331e+01
9.904647e+01 0.000000e+00 8.757755e+01 1.146891e+01
9.535022e+01 0.000000e+00 6.200143e+01 3.334880e+01
2.523819e+01 0.000000e+00 6.200143e+01 -3.676323e+01
1.066924e+02 0.000000e+00 1.085936e+02 -1.901277e+00
1.101600e+02 0.000000e+00 1.085936e+02 1.566348e+00
5.666152e+01 0.000000e+00 9.352721e+01 -3.686569e+01
1.226185e+02 0.000000e+00 9.352721e+01 2.909133e+01
1.604971e+02 0.000000e+00 1.187695e+02 4.172768e+01
8.399852e+01 0.000000e+00 1.187695e+02 -3.477094e+01
3.270189e+02 2.862316e+02 2.862316e+02 3.270189e+02
2.433072e+02 2.862316e+02 2.862316e+02 2.433072e+02
1.165932e+02 0.000000e+00 1.214342e+02 -4.841025e+00
1.262237e+02 0.000000e+00 1.214342e+02 4.789495e+00
7.877076e+01 0.000000e+00 7.908564e+01 -3.148828e-01
7.978084e+01 0.000000e+00 7.908564e+01 6.951915e-01
2.376167e+02 0.000000e+00 2.328702e+02 4.746515e+00
2.285736e+02 0.000000e+00 2.328702e+02 -4.296543e+00
7.791657e+01 0.000000e+00 8.088875e+01 -2.972179e+00
8.345352e+01 0.000000e+00 8.088875e+01 2.564764e+00
1.648323e+02 0.000000e+00 1.398858e+02 2.494650e+01
1.220352e+02 0.000000e+00 1.398858e+02 -1.785063e+01
8.185621e+01 0.000000e+00 7.054254e+01 1.131366e+01
5.792587e+01 0.000000e+00 7.054254e+01 -1.261667e+01
1.810151e+02 0.000000e+00 1.493324e+02 3.168275e+01
1.338105e+02 0.000000e+00 1.493324e+02 -1.552191e+01
1.235146e+02 0.000000e+00 9.525436e+01 2.826028e+01
6.401061e+01 0.000000e+00 9.525436e+01 -3.124375e+01
1.751547e+02 0.000000e+00 1.628901e+02 1.226464e+01
1.522106e+02 0.000000e+00 1.628901e+02 -1.067948e+01
1.257734e+02 0.000000e+00 7.070090e+01 5.507254e+01
1.968624e+01 0.000000e+00 7.070090e+01 -5.101466e+01
4.067640e+01 0.000000e+00 5.134783e+01 -1.067143e+01
6.285142e+01 0.000000e+00 5.134783e+01 1.150359e+01
1.009691e+02 0.000000e+00 1.031559e+02 -2.186821e+00
1.051732e+02 0.000000e+00 1.031559e+02 2.017325e+00
3.071415e+01 0.000000e+00 4.641150e+01 -1.569735e+01
6.670918e+01 0.000000e+00 4.641150e+01 2.029769e+01
1.076255e+02 0.000000e+00 7.776899e+01 2.985646e+01
4.712493e+01 0.000000e+00 7.776899e+01 -3.064407e+01
