2.967017e+02 2.385712e+02 2.385712e+02 2.967017e+02
1.813894e+02 2.385712e+02 2.385712e+02 1.813894e+02
1.467997e+02 0.000000e+00 1.159369e+02 3.086285e+01
8.347853e+01 0.000000e+00 1.159369e+02 -3.245834e+01
8.633602e+01 0.000000e+00 1.654459e+01 6.979143e+01
-4.872542e+01 0.000000e+00 1.654459e+01 -6.527001e+01
1.739837e+02 0.000000e+00 1.352614e+02 3.872229e+01
9.053038e+01 0.000000e+00 1.352614e+02 -4.473106e+01
9.686165e+01 0.000000e+00 1.435688e+02 -4.670716e+01
1.962382e+02 0.000000e+00 1.435688e+02 5.266934e+01
8.540566e+01 0.000000e+00 5.932907e+01 2.607659e+01
3.363919e+01 0.000000e+00 5.932907e+01 -2.568988e+01
8.002239e+01 0.000000e+00 8.269204e+01 -2.669656e+00
8.486611e+01 0.000000e+00 8.269204e+01 2.174066e+00
7.156331e+01 0.000000e+00 4.321951e+01 2.834380e+01
1.156504e+01 0.000000e+00 4.321951e+01 -3.165447e+01
9.549418e+01 0.000000e+00 1.123038e+02 -1.680965e+01
1.297571e+02 0.000000e+00 1.123038e+02 1.745323e+01
2.204570e+01 0.000000e+00 6.535420e+01 -4.330849e+01
9.820428e+01 0.000000e+00 6.535420e+01 3.285008e+01
1.150895e+02 0.000000e+00 6.841352e+01 4.667597e+01
2.871235e+01 0.000000e+00 6.841352e+01 -3.970116e+01
1.929665e+02 0.000000e+00 1.640949e+02 2.887162e+01
1.333731e+02 0.000000e+00 1.640949e+02 -3.072174e+01
1.010299e+02 0.000000e+00 1.192662e+02 -1.823630e+01
1.388781e+02 0.000000e+00 1.192662e+02 1.961194e+01
5.881195e+01 0.000000e+00 7.393956e+01 -1.512762e+01
9.214821e+01 0.000000e+00 7.393956e+01 1.820865e+01
2.466758e+02 0.000000e+00 2.435775e+02 3.098344e+00
2.419823e+02 0.000000e+00 2.435775e+02 -1.595223e+00
7.964213e+01 0.000000e+00 7.770730e+01 1.934830e+00
7.564435e+01 0.000000e+00 7.770730e+01 -2.062949e+00
1.894516e+02 0.000000e+00 1.744726e+02 1.497907e+01
1.612156e+02 0.000000e+00 1.744726e+02 -1.325692e+01
6.664776e+01 0.000000e+00 5.425761e+01 1.239015e+01
3.900116e+01 0.000000e+00 5.425761e+01 -1.525645e+01
1.996052e+02 0.000000e+00 1.674689e+02 3.213629e+01
1.551403e+02 0.000000e+00 1.674689e+02 -1.232863e+01
1.245828e+02 0.000000e+00 9.048097e+01 3.410180e+01
5.247472e+01 0.000000e+00 9.048097e+01 -3.800625e+01
1.924349e+02 0.000000e+00 1.906303e+02 1.804579e+00
1.895268e+02 0.000000e+00 1.906303e+02 -1.103501e+00
1.472048e+02 0.000000e+00 7.785828e+01 6.934656e+01
1.805489e+01 0.000000e+00 7.785828e+01 -5.980339e+01
5.179491e+01 0.000000e+00 5.763088e+01 -5.835971e+00
6.220098e+01 0.000000e+00 5.763088e+01 4.570107e+00
1.014223e+02 0.000000e+00 1.010936e+02 3.287152e-01
1.025648e+02 0.000000e+00 1.010936e+02 1.471245e+00
5.235484e+01 0.000000e+00 5.993183e+01 -7.576986e+00
6.936302e+01 0.000000e+00 5.993183e+01 9.431187e+00
1.548650e+02 0.000000e+00 1.045694e+02 5.029565e+01
5.975394e+01 0.000000e+00 1.045694e+02 -4.481545e+01
