5.159986e+01 0.000000e+00 2.190696e+01 2.969291e+01
-6.418729e+00 0.000000e+00 2.190696e+01 -2.832569e+01
1.365638e+02 0.000000e+00 1.198742e+02 1.668964e+01
1.037857e+02 0.000000e+00 1.198742e+02 -1.608849e+01
2.050025e+01 0.000000e+00 -3.249356e+01 5.299381e+01
-8.127684e+01 0.000000e+00 -3.249356e+01 -4.878329e+01
1.803342e+02 0.000000e+00 1.364258e+02 4.390838e+01
8.635314e+01 0.000000e+00 1.364258e+02 -5.007270e+01
9.129639e+01 0.000000e+00 1.514676e+02 -6.017122e+01
2.197885e+02 0.000000e+00 1.514676e+02 6.832088e+01
7.800141e+01 0.000000e+00 4.831148e+01 2.968994e+01
1.719977e+01 0.000000e+00 4.831148e+01 -3.111171e+01
5.343722e+01 0.000000e+00 6.420344e+01 -1.076622e+01
7.443456e+01 0.000000e+00 6.420344e+01 1.023111e+01
7.450682e+01 0.000000e+00 4.314596e+01 3.136086e+01
8.124158e+00 0.000000e+00 4.314596e+01 -3.502181e+01
1.013421e+02 0.000000e+00 1.028132e+02 -1.471133e+00
1.037610e+02 0.000000e+00 1.028132e+02 9.477525e-01
4.065839e+01 0.000000e+00 8.063301e+01 -3.997462e+01
1.120113e+02 0.000000e+00 8.063301e+01 3.137830e+01
1.439735e+02 0.000000e+00 1.024284e+02 4.154509e+01
6.884769e+01 0.000000e+00 1.024284e+02 -3.358072e+01
1.550466e+02 0.000000e+00 1.412355e+02 1.381111e+01
1.291373e+02 0.000000e+00 1.412355e+02 -1.209819e+01
1.068710e+02 0.000000e+00 1.156066e+02 -8.735677e+00
1.245191e+02 0.000000e+00 1.156066e+02 8.912479e+00
7.065289e+01 0.000000e+00 7.111572e+01 -4.628244e-01
7.225516e+01 0.000000e+00 7.111572e+01 1.139443e+00
2.200620e+02 0.000000e+00 2.132610e+02 6.801056e+00
2.063980e+02 0.000000e+00 2.132610e+02 -6.862959e+00
7.310590e+01 0.000000e+00 8.027874e+01 -7.172837e+00
8.636300e+01 0.000000e+00 8.027874e+01 6.084263e+00
2.850584e+02 2.599782e+02 2.599782e+02 2.850584e+02
2.410071e+02 2.599782e+02 2.599782e+02 2.410071e+02
6.449070e+01 0.000000e+00 5.765161e+01 6.839090e+00
4.997030e+01 0.000000e+00 5.765161e+01 -7.681313e+00
1.690046e+02 0.000000e+00 1.400077e+02 2.899688e+01
1.271872e+02 0.000000e+00 1.400077e+02 -1.282056e+01
1.196158e+02 0.000000e+00 9.386235e+01 2.575348e+01
6.490094e+01 0.000000e+00 9.386235e+01 -2.896140e+01
1.702015e+02 0.000000e+00 1.596703e+02 1.053121e+01
1.509536e+02 0.000000e+00 1.596703e+02 -8.716641e+00
1.126573e+02 0.000000e+00 5.727924e+01 5.537809e+01
4.949808e+00 0.000000e+00 5.727924e+01 -5.232943e+01
2.254578e+01 0.000000e+00 3.748503e+01 -1.493925e+01
5.378682e+01 0.000000e+00 3.748503e+01 1.630178e+01
7.762605e+01 0.000000e+00 8.246103e+01 -4.834986e+00
8.726428e+01 0.000000e+00 8.246103e+01 4.803245e+00
2.834506e+01 0.000000e+00 3.543985e+01 -7.094790e+00
4.380710e+01 0.000000e+00 3.543985e+01 8.367246e+00
9.551114e+01 0.000000e+00 6.270721e+01 3.280393e+01
2.847599e+01 0.000000e+00 6.270721e+01 -3.423122e+01
