-1.214952e+02 0.000000e+00 -1.466398e+02 2.514462e+01
-1.724647e+02 0.000000e+00 -1.466398e+02 -2.582484e+01
1.664087e+02 0.000000e+00 8.998981e+01 7.641893e+01
2.593754e+01 0.000000e+00 8.998981e+01 -6.405227e+01
-3.096138e+01 0.000000e+00 -1.351761e+01 -1.744377e+01
5.954367e+00 0.000000e+00 -1.351761e+01 1.947197e+01
1.867016e+02 0.000000e+00 2.449909e+02 -5.828931e+01
3.169348e+02 0.000000e+00 2.449909e+02 7.194397e+01
-2.623792e+02 0.000000e+00 -1.507741e+02 -1.116050e+02
4.773474e+01 0.000000e+00 -1.507741e+02 1.985089e+02
-1.207534e+02 0.000000e+00 -1.402436e+02 1.949018e+01
-1.591205e+02 0.000000e+00 -1.402436e+02 -1.887695e+01
-3.284076e+01 0.000000e+00 -4.845919e+00 -2.799484e+01
2.255396e+01 0.000000e+00 -4.845919e+00 2.739987e+01
4.209310e+02 4.015050e+02 4.015050e+02 4.209310e+02
3.777624e+02 4.015050e+02 4.015050e+02 3.777624e+02
1.268360e+02 0.000000e+00 1.536712e+02 -2.683515e+01
1.765965e+02 0.000000e+00 1.536712e+02 2.292528e+01
-5.466845e+01 0.000000e+00 3.716931e+01 -9.183776e+01
1.317796e+02 0.000000e+00 3.716931e+01 9.461026e+01
1.279555e+02 0.000000e+00 9.461423e+01 3.334129e+01
6.397894e+01 0.000000e+00 9.461423e+01 -3.063530e+01
1.307710e+02 0.000000e+00 8.517096e+01 4.560001e+01
2.789530e+01 0.000000e+00 8.517096e+01 -5.727566e+01
1.297898e+02 0.000000e+00 1.035013e+02 2.628844e+01
7.706525e+01 0.000000e+00 1.035013e+02 -2.643610e+01
-7.663651e+01 0.000000e+00 1.247124e+01 -8.910774e+01
1.136298e+02 0.000000e+00 1.247124e+01 1.011585e+02
1.077241e+02 0.000000e+00 8.556717e+01 2.215692e+01
5.834007e+01 0.000000e+00 8.556717e+01 -2.722710e+01
-4.142803e+01 0.000000e+00 5.898183e+01 -1.004099e+02
1.428904e+02 0.000000e+00 5.898183e+01 8.390861e+01
6.389659e+01 0.000000e+00 1.964852e+01 4.424807e+01
-2.263572e+01 0.000000e+00 1.964852e+01 -4.228424e+01
-1.342011e+02 0.000000e+00 -1.358522e+02 1.651047e+00
-1.374295e+02 0.000000e+00 -1.358522e+02 -1.577347e+00
1.290960e+02 0.000000e+00 4.322285e+01 8.587317e+01
-1.771878e+01 0.000000e+00 4.322285e+01 -6.094164e+01
-6.070941e+01 0.000000e+00 -3.413715e+01 -2.657227e+01
-7.076952e+00 0.000000e+00 -3.413715e+01 2.706019e+01
5.941756e+01 0.000000e+00 1.030568e+02 -4.363926e+01
1.439991e+02 0.000000e+00 1.030568e+02 4.094230e+01
5.301766e+01 0.000000e+00 -2.369407e+02 2.899583e+02
-5.759169e+02 0.000000e+00 -2.369407e+02 -3.389763e+02
1.336568e+00 0.000000e+00 -2.941629e-02 1.365984e+00
-1.433074e+00 0.000000e+00 -2.941629e-02 -1.403658e+00
-3.538640e+02 0.000000e+00 -2.461730e+02 -1.076910e+02
-1.346279e+02 0.000000e+00 -2.461730e+02 1.115452e+02
-5.107621e+01 0.000000e+00 -5.940905e+01 8.332840e+00
-6.875273e+01 0.000000e+00 -5.940905e+01 -9.343681e+00
-8.730540e+01 0.000000e+00 -7.955734e+01 -7.748062e+00
-7.360281e+01 0.000000e+00 -7.955734e+01 5.954529e+00
