1.822034e+02 0.000000e+00 9.784486e+01 8.435857e+01
3.180835e+01 0.000000e+00 9.784486e+01 -6.603652e+01
2.876276e+02 0.000000e+00 1.934771e+02 9.415053e+01
1.289724e+02 0.000000e+00 1.934771e+02 -6.450467e+01
8.949417e+00 0.000000e+00 -5.553949e+00 1.450337e+01
-1.800017e+01 0.000000e+00 -5.553949e+00 -1.244622e+01
8.046929e+02 6.603140e+02 6.603140e+02 8.046929e+02
4.909005e+02 6.603140e+02 6.603140e+02 4.909005e+02
1.643008e+02 0.000000e+00 1.839905e+02 -1.968968e+01
2.057136e+02 0.000000e+00 1.839905e+02 2.172313e+01
1.500056e+02 0.000000e+00 1.931601e+02 -4.315453e+01
2.528694e+02 0.000000e+00 1.931601e+02 5.970924e+01
4.928917e+01 0.000000e+00 5.326442e+01 -3.975246e+00
5.728876e+01 0.000000e+00 5.326442e+01 4.024342e+00
1.911480e+02 0.000000e+00 1.566551e+02 3.449289e+01
1.206629e+02 0.000000e+00 1.566551e+02 -3.599214e+01
7.242534e+01 0.000000e+00 1.255649e+02 -5.313959e+01
1.678349e+02 0.000000e+00 1.255649e+02 4.226997e+01
1.049289e+02 0.000000e+00 6.297262e+01 4.195632e+01
1.972726e+01 0.000000e+00 6.297262e+01 -4.324536e+01
1.441490e+02 0.000000e+00 1.376041e+02 6.544983e+00
1.324561e+02 0.000000e+00 1.376041e+02 -5.147949e+00
6.339944e+02 0.000000e+00 4.035322e+02 2.304622e+02
1.832870e+02 0.000000e+00 4.035322e+02 -2.202452e+02
2.902558e+01 0.000000e+00 9.050466e+01 -6.147908e+01
1.415031e+02 0.000000e+00 9.050466e+01 5.099842e+01
7.085947e+01 0.000000e+00 6.503880e+01 5.820663e+00
5.607284e+01 0.000000e+00 6.503880e+01 -8.965965e+00
4.702674e+02 0.000000e+00 3.549554e+02 1.153120e+02
2.360208e+02 0.000000e+00 3.549554e+02 -1.189346e+02
1.221067e+02 0.000000e+00 1.316202e+02 -9.513474e+00
1.406683e+02 0.000000e+00 1.316202e+02 9.048111e+00
2.866518e+01 0.000000e+00 2.606438e+01 2.600794e+00
2.375204e+01 0.000000e+00 2.606438e+01 -2.312338e+00
2.350189e+02 0.000000e+00 1.455758e+02 8.944302e+01
6.014545e+01 0.000000e+00 1.455758e+02 -8.543039e+01
2.483232e+02 0.000000e+00 1.550990e+02 9.322411e+01
1.185817e+02 0.000000e+00 1.550990e+02 -3.651737e+01
3.496259e+02 0.000000e+00 3.149236e+02 3.470221e+01
2.814784e+02 0.000000e+00 3.149236e+02 -3.344525e+01
6.475058e+01 0.000000e+00 5.680648e+01 7.944099e+00
4.988288e+01 0.000000e+00 5.680648e+01 -6.923599e+00
2.254607e+02 0.000000e+00 2.464485e+02 -2.098772e+01
2.637896e+02 0.000000e+00 2.464485e+02 1.734109e+01
1.789445e+02 0.000000e+00 2.227781e+02 -4.383360e+01
2.735860e+02 0.000000e+00 2.227781e+02 5.080791e+01
6.451753e+01 0.000000e+00 9.600262e+01 -3.148508e+01
1.269895e+02 0.000000e+00 9.600262e+01 3.098688e+01
1.880079e+02 0.000000e+00 9.453221e+01 9.347566e+01
-2.397975e+01 0.000000e+00 9.453221e+01 -1.185120e+02
2.391299e+02 0.000000e+00 2.238051e+02 1.532480e+01
2.080330e+02 0.000000e+00 2.238051e+02 -1.577214e+01
