6.002742e+01 0.000000e+00 -6.796926e+00 6.682435e+01
-8.610057e+01 0.000000e+00 -6.796926e+00 -7.930364e+01
3.656422e+02 0.000000e+00 3.064440e+02 5.919824e+01
2.532905e+02 0.000000e+00 3.064440e+02 -5.315350e+01
-2.676457e+01 0.000000e+00 -4.209854e+01 1.533397e+01
-5.468209e+01 0.000000e+00 -4.209854e+01 -1.258355e+01
8.930041e+01 0.000000e+00 5.097419e+01 3.832622e+01
1.250005e+01 0.000000e+00 5.097419e+01 -3.847414e+01
2.447023e+02 0.000000e+00 2.372025e+02 7.499741e+00
2.252912e+02 0.000000e+00 2.372025e+02 -1.191133e+01
8.001878e+01 0.000000e+00 6.528954e+01 1.472924e+01
4.757892e+01 0.000000e+00 6.528954e+01 -1.771062e+01
1.490223e+02 0.000000e+00 1.686254e+02 -1.960313e+01
1.887484e+02 0.000000e+00 1.686254e+02 2.012303e+01
1.613662e+02 0.000000e+00 8.108672e+01 8.027944e+01
-1.670509e+00 0.000000e+00 8.108672e+01 -8.275723e+01
1.518425e+02 0.000000e+00 2.088008e+02 -5.695833e+01
2.633806e+02 0.000000e+00 2.088008e+02 5.457986e+01
6.288532e+00 0.000000e+00 6.072222e+01 -5.443369e+01
1.089987e+02 0.000000e+00 6.072222e+01 4.827644e+01
2.616200e+02 0.000000e+00 2.043655e+02 5.725447e+01
1.458153e+02 0.000000e+00 2.043655e+02 -5.855025e+01
1.995461e+02 0.000000e+00 1.747122e+02 2.483389e+01
1.524765e+02 0.000000e+00 1.747122e+02 -2.223564e+01
2.417926e+02 0.000000e+00 1.672589e+02 7.453369e+01
1.068972e+02 0.000000e+00 1.672589e+02 -6.036169e+01
9.068182e+01 0.000000e+00 9.063956e+01 4.225922e-02
9.059277e+01 0.000000e+00 9.063956e+01 -4.679871e-02
5.227819e+02 0.000000e+00 5.007440e+02 2.203790e+01
4.787290e+02 0.000000e+00 5.007440e+02 -2.201498e+01
1.546356e+02 0.000000e+00 1.026394e+02 5.199618e+01
4.738960e+01 0.000000e+00 1.026394e+02 -5.524980e+01
3.934054e+01 0.000000e+00 4.837960e+01 -9.039059e+00
5.703505e+01 0.000000e+00 4.837960e+01 8.655449e+00
2.594393e+02 0.000000e+00 2.200593e+02 3.937997e+01
1.779974e+02 0.000000e+00 2.200593e+02 -4.206186e+01
1.393685e+02 0.000000e+00 1.374744e+02 1.894180e+00
1.367670e+02 0.000000e+00 1.374744e+02 -7.073975e-01
1.682559e+02 0.000000e+00 7.372819e+01 9.452772e+01
-3.357021e+01 0.000000e+00 7.372819e+01 -1.072984e+02
2.178683e+02 0.000000e+00 1.941676e+02 2.370076e+01
1.685127e+02 0.000000e+00 1.941676e+02 -2.565485e+01
3.900874e+02 0.000000e+00 2.530722e+02 1.370152e+02
1.410521e+02 0.000000e+00 2.530722e+02 -1.120201e+02
3.836366e+02 4.143588e+02 4.143588e+02 3.836366e+02
4.488226e+02 4.143588e+02 4.143588e+02 4.488226e+02
5.655286e+01 0.000000e+00 5.476990e+01 1.782963e+00
5.256990e+01 0.000000e+00 5.476990e+01 -2.200001e+00
1.126028e+02 0.000000e+00 1.208003e+02 -8.197563e+00
1.300297e+02 0.000000e+00 1.208003e+02 9.229362e+00
2.389725e+02 0.000000e+00 1.616250e+02 7.734749e+01
5.839860e+01 0.000000e+00 1.616250e+02 -1.032264e+02
