-1.546182e+02 0.000000e+00 -2.101759e+02 5.555769e+01
-2.661552e+02 0.000000e+00 -2.101759e+02 -5.597926e+01
2.647892e+02 0.000000e+00 2.330644e+02 3.172484e+01
2.045270e+02 0.000000e+00 2.330644e+02 -2.853738e+01
1.333490e+02 0.000000e+00 9.651783e+01 3.683118e+01
4.310938e+01 0.000000e+00 9.651783e+01 -5.340845e+01
1.613483e+02 0.000000e+00 9.242482e+01 6.892345e+01
1.558571e+00 0.000000e+00 9.242482e+01 -9.086625e+01
1.171078e+02 0.000000e+00 1.830784e+02 -6.597066e+01
2.613707e+02 0.000000e+00 1.830784e+02 7.829225e+01
5.924301e+01 0.000000e+00 5.175541e+01 7.487602e+00
4.258659e+01 0.000000e+00 5.175541e+01 -9.168819e+00
2.323265e+02 0.000000e+00 1.752077e+02 5.711884e+01
1.187643e+02 0.000000e+00 1.752077e+02 -5.644342e+01
1.234214e+02 0.000000e+00 7.408102e+01 4.934042e+01
3.434076e+00 0.000000e+00 7.408102e+01 -7.064694e+01
2.673922e+02 0.000000e+00 2.453096e+02 2.208267e+01
2.103180e+02 0.000000e+00 2.453096e+02 -3.499159e+01
1.680681e+02 0.000000e+00 1.573092e+02 1.075885e+01
1.487811e+02 0.000000e+00 1.573092e+02 -8.528137e+00
1.973945e+02 0.000000e+00 1.769494e+02 2.044507e+01
1.594805e+02 0.000000e+00 1.769494e+02 -1.746890e+01
3.250719e+02 0.000000e+00 2.756236e+02 4.944827e+01
2.276869e+02 0.000000e+00 2.756236e+02 -4.793672e+01
2.605568e+02 0.000000e+00 2.561541e+02 4.402618e+00
2.521932e+02 0.000000e+00 2.561541e+02 -3.960907e+00
1.301473e+02 0.000000e+00 1.977835e+02 -6.763617e+01
2.552006e+02 0.000000e+00 1.977835e+02 5.741711e+01
3.136097e+02 0.000000e+00 2.667234e+02 4.688635e+01
2.201161e+02 0.000000e+00 2.667234e+02 -4.660733e+01
4.574558e+02 0.000000e+00 4.143738e+02 4.308197e+01
3.737620e+02 0.000000e+00 4.143738e+02 -4.061182e+01
7.637870e+02 6.492545e+02 6.492545e+02 7.637870e+02
5.640893e+02 6.492545e+02 6.492545e+02 5.640893e+02
2.156073e+02 0.000000e+00 1.279476e+02 8.765968e+01
2.171625e+01 0.000000e+00 1.279476e+02 -1.062314e+02
3.136079e+02 0.000000e+00 2.263644e+02 8.724347e+01
1.888597e+02 0.000000e+00 2.263644e+02 -3.750471e+01
1.291490e+02 0.000000e+00 1.405150e+02 -1.136603e+01
1.526629e+02 0.000000e+00 1.405150e+02 1.214784e+01
2.385460e+02 0.000000e+00 2.122356e+02 2.631042e+01
1.825601e+02 0.000000e+00 2.122356e+02 -2.967546e+01
8.747383e+01 0.000000e+00 6.594642e+01 2.152741e+01
4.475907e+01 0.000000e+00 6.594642e+01 -2.118735e+01
1.407528e+02 0.000000e+00 1.651970e+02 -2.444420e+01
1.949330e+02 0.000000e+00 1.651970e+02 2.973599e+01
-9.762540e+01 0.000000e+00 -5.797806e+01 -3.964734e+01
-1.164378e+01 0.000000e+00 -5.797806e+01 4.633428e+01
9.363471e+01 0.000000e+00 5.851742e+01 3.511729e+01
2.298119e+00 0.000000e+00 5.851742e+01 -5.621930e+01
1.422240e+02 0.000000e+00 1.240168e+02 1.820724e+01
1.058636e+02 0.000000e+00 1.240168e+02 -1.815319e+01
