8.077423e+01 0.000000e+00 4.739451e+01 3.337972e+01
1.458723e+01 0.000000e+00 4.739451e+01 -3.280728e+01
1.432170e+02 0.000000e+00 1.232130e+02 2.000391e+01
1.043288e+02 0.000000e+00 1.232130e+02 -1.888424e+01
3.683092e+01 0.000000e+00 -1.101805e+01 4.784898e+01
-5.958741e+01 0.000000e+00 -1.101805e+01 -4.856936e+01
2.053393e+02 0.000000e+00 1.602604e+02 4.507896e+01
1.038839e+02 0.000000e+00 1.602604e+02 -5.637649e+01
1.251620e+02 0.000000e+00 1.688566e+02 -4.369455e+01
2.170468e+02 0.000000e+00 1.688566e+02 4.819025e+01
1.063738e+02 0.000000e+00 8.937046e+01 1.700337e+01
7.112662e+01 0.000000e+00 8.937046e+01 -1.824383e+01
9.750758e+01 0.000000e+00 1.029096e+02 -5.402007e+00
1.079724e+02 0.000000e+00 1.029096e+02 5.062797e+00
1.048291e+02 0.000000e+00 6.966913e+01 3.515993e+01
2.982616e+01 0.000000e+00 6.966913e+01 -3.984297e+01
1.140464e+02 0.000000e+00 1.119179e+02 2.128549e+00
1.094049e+02 0.000000e+00 1.119179e+02 -2.512967e+00
4.996060e+01 0.000000e+00 9.297727e+01 -4.301667e+01
1.247539e+02 0.000000e+00 9.297727e+01 3.177659e+01
1.748139e+02 0.000000e+00 1.300576e+02 4.475635e+01
9.214508e+01 0.000000e+00 1.300576e+02 -3.791250e+01
2.090721e+02 0.000000e+00 1.887261e+02 2.034590e+01
1.666937e+02 0.000000e+00 1.887261e+02 -2.203248e+01
1.366987e+02 0.000000e+00 1.358070e+02 8.917215e-01
1.346577e+02 0.000000e+00 1.358070e+02 -1.149308e+00
8.610830e+01 0.000000e+00 9.023711e+01 -4.128807e+00
9.507556e+01 0.000000e+00 9.023711e+01 4.838445e+00
2.721791e+02 0.000000e+00 2.596107e+02 1.256839e+01
2.476235e+02 0.000000e+00 2.596107e+02 -1.198722e+01
7.550753e+01 0.000000e+00 9.252236e+01 -1.701483e+01
1.062050e+02 0.000000e+00 9.252236e+01 1.368260e+01
1.524480e+02 0.000000e+00 1.375331e+02 1.491496e+01
1.241887e+02 0.000000e+00 1.375331e+02 -1.334435e+01
3.131202e+02 2.737271e+02 2.737271e+02 3.131202e+02
2.306882e+02 2.737271e+02 2.737271e+02 2.306882e+02
1.491779e+02 0.000000e+00 1.604750e+02 -1.129705e+01
1.549964e+02 0.000000e+00 1.604750e+02 -5.478581e+00
1.390344e+02 0.000000e+00 1.002423e+02 3.879208e+01
5.512612e+01 0.000000e+00 1.002423e+02 -4.511619e+01
1.473534e+02 0.000000e+00 1.350550e+02 1.229842e+01
1.218097e+02 0.000000e+00 1.350550e+02 -1.324522e+01
1.282132e+02 0.000000e+00 7.829143e+01 4.992176e+01
3.183563e+01 0.000000e+00 7.829143e+01 -4.645580e+01
6.528198e+01 0.000000e+00 7.667093e+01 -1.138895e+01
8.682593e+01 0.000000e+00 7.667093e+01 1.015500e+01
1.219511e+02 0.000000e+00 1.143104e+02 7.640711e+00
1.042863e+02 0.000000e+00 1.143104e+02 -1.002411e+01
5.692800e+01 0.000000e+00 7.544307e+01 -1.851507e+01
9.993380e+01 0.000000e+00 7.544307e+01 2.449073e+01
1.097687e+02 0.000000e+00 9.009107e+01 1.967766e+01
7.012667e+01 0.000000e+00 9.009107e+01 -1.996439e+01
