6.454072e+01 0.000000e+00 3.035647e+01 3.418425e+01
-2.790055e+00 0.000000e+00 3.035647e+01 -3.314653e+01
1.513888e+02 0.000000e+00 1.348385e+02 1.655030e+01
1.194822e+02 0.000000e+00 1.348385e+02 -1.535633e+01
1.275237e+01 0.000000e+00 -2.266383e+01 3.541620e+01
-5.425531e+01 0.000000e+00 -2.266383e+01 -3.159148e+01
1.641136e+02 0.000000e+00 1.263472e+02 3.776635e+01
8.364382e+01 0.000000e+00 1.263472e+02 -4.270341e+01
1.135617e+02 0.000000e+00 1.671183e+02 -5.355664e+01
2.270291e+02 0.000000e+00 1.671183e+02 5.991079e+01
8.794149e+01 0.000000e+00 6.241011e+01 2.553138e+01
3.508068e+01 0.000000e+00 6.241011e+01 -2.732943e+01
5.120415e+01 0.000000e+00 6.503458e+01 -1.383043e+01
7.836331e+01 0.000000e+00 6.503458e+01 1.332874e+01
8.262776e+01 0.000000e+00 5.483831e+01 2.778946e+01
2.477855e+01 0.000000e+00 5.483831e+01 -3.005976e+01
1.043491e+02 0.000000e+00 1.049245e+02 -5.754058e-01
1.055438e+02 0.000000e+00 1.049245e+02 6.192658e-01
4.638982e+01 0.000000e+00 8.185763e+01 -3.546781e+01
1.092782e+02 0.000000e+00 8.185763e+01 2.742060e+01
1.543732e+02 0.000000e+00 1.101685e+02 4.420469e+01
7.298973e+01 0.000000e+00 1.101685e+02 -3.717874e+01
1.507424e+02 0.000000e+00 1.320470e+02 1.869540e+01
1.134466e+02 0.000000e+00 1.320470e+02 -1.860038e+01
1.106917e+02 0.000000e+00 1.139694e+02 -3.277698e+00
1.175902e+02 0.000000e+00 1.139694e+02 3.620809e+00
7.200377e+01 0.000000e+00 7.103981e+01 9.639596e-01
7.041507e+01 0.000000e+00 7.103981e+01 -6.247384e-01
2.295154e+02 0.000000e+00 2.256700e+02 3.845406e+00
2.222551e+02 0.000000e+00 2.256700e+02 -3.414894e+00
6.108378e+01 0.000000e+00 6.656533e+01 -5.481548e+00
7.085892e+01 0.000000e+00 6.656533e+01 4.293592e+00
1.415743e+02 0.000000e+00 1.219450e+02 1.962929e+01
1.062846e+02 0.000000e+00 1.219450e+02 -1.566044e+01
5.437239e+01 0.000000e+00 5.306178e+01 1.310609e+00
4.992340e+01 0.000000e+00 5.306178e+01 -3.138381e+00
3.146720e+02 2.521112e+02 2.521112e+02 3.146720e+02
2.228314e+02 2.521112e+02 2.521112e+02 2.228314e+02
1.245089e+02 0.000000e+00 9.395911e+01 3.054981e+01
5.984755e+01 0.000000e+00 9.395911e+01 -3.411156e+01
1.606661e+02 0.000000e+00 1.520014e+02 8.664739e+00
1.437895e+02 0.000000e+00 1.520014e+02 -8.211882e+00
1.055637e+02 0.000000e+00 5.534138e+01 5.022236e+01
9.421202e+00 0.000000e+00 5.534138e+01 -4.592017e+01
2.193242e+01 0.000000e+00 3.135920e+01 -9.426783e+00
4.185982e+01 0.000000e+00 3.135920e+01 1.050062e+01
6.860766e+01 0.000000e+00 7.691280e+01 -8.305144e+00
8.571213e+01 0.000000e+00 7.691280e+01 8.799331e+00
3.204965e+01 0.000000e+00 4.789188e+01 -1.584223e+01
6.738747e+01 0.000000e+00 4.789188e+01 1.949559e+01
9.014108e+01 0.000000e+00 6.071103e+01 2.943005e+01
2.991474e+01 0.000000e+00 6.071103e+01 -3.079629e+01
