2.731220e+02 0.000000e+00 1.931817e+02 7.994028e+01
1.100501e+02 0.000000e+00 1.931817e+02 -8.313157e+01
2.222651e+02 0.000000e+00 1.810025e+02 4.126260e+01
1.456800e+02 0.000000e+00 1.810025e+02 -3.532256e+01
-2.037198e+01 0.000000e+00 -3.321291e+01 1.284093e+01
-4.407065e+01 0.000000e+00 -3.321291e+01 -1.085774e+01
2.000518e+02 0.000000e+00 1.673740e+02 3.267787e+01
1.175557e+02 0.000000e+00 1.673740e+02 -4.981822e+01
5.968301e+02 0.000000e+00 5.171931e+02 7.963702e+01
3.913301e+02 0.000000e+00 5.171931e+02 -1.258629e+02
1.515981e+02 0.000000e+00 1.215937e+02 3.000439e+01
8.820625e+01 0.000000e+00 1.215937e+02 -3.338746e+01
1.196751e+02 0.000000e+00 1.184186e+02 1.256538e+00
1.171269e+02 0.000000e+00 1.184186e+02 -1.291641e+00
1.427499e+02 0.000000e+00 1.341900e+02 8.559845e+00
1.205254e+02 0.000000e+00 1.341900e+02 -1.366464e+01
2.602304e+02 0.000000e+00 2.407681e+02 1.946237e+01
2.217971e+02 0.000000e+00 2.407681e+02 -1.897095e+01
-9.188730e+01 0.000000e+00 1.482213e+02 -2.401086e+02
3.105893e+02 0.000000e+00 1.482213e+02 1.623680e+02
2.209490e+02 0.000000e+00 1.376711e+02 8.327788e+01
5.883112e+01 0.000000e+00 1.376711e+02 -7.884000e+01
6.084185e+02 6.324220e+02 6.324220e+02 6.084185e+02
6.495590e+02 6.324220e+02 6.324220e+02 6.495590e+02
2.370558e+02 0.000000e+00 1.841073e+02 5.294849e+01
1.113330e+02 0.000000e+00 1.841073e+02 -7.277438e+01
1.872668e+02 0.000000e+00 2.125622e+02 -2.529544e+01
2.353484e+02 0.000000e+00 2.125622e+02 2.278615e+01
3.446755e+02 0.000000e+00 3.507870e+02 -6.111542e+00
3.582385e+02 0.000000e+00 3.507870e+02 7.451416e+00
8.445847e+01 0.000000e+00 1.428808e+01 7.017038e+01
-5.547035e+01 0.000000e+00 1.428808e+01 -6.975844e+01
2.606696e+02 0.000000e+00 2.332980e+02 2.737160e+01
2.081137e+02 0.000000e+00 2.332980e+02 -2.518431e+01
3.242207e+02 0.000000e+00 3.602552e+02 -3.603448e+01
3.894158e+02 0.000000e+00 3.602552e+02 2.916068e+01
2.607527e+02 0.000000e+00 3.047397e+02 -4.398700e+01
3.385579e+02 0.000000e+00 3.047397e+02 3.381821e+01
1.536724e+02 0.000000e+00 8.091062e+01 7.276176e+01
-9.702957e+00 0.000000e+00 8.091062e+01 -9.061358e+01
2.650586e+02 0.000000e+00 2.066284e+02 5.843025e+01
1.587403e+02 0.000000e+00 2.066284e+02 -4.788803e+01
2.637050e+02 0.000000e+00 2.027802e+02 6.092487e+01
1.476649e+02 0.000000e+00 2.027802e+02 -5.511523e+01
1.526312e+02 0.000000e+00 1.318129e+02 2.081836e+01
9.956641e+01 0.000000e+00 1.318129e+02 -3.224644e+01
1.910680e+02 0.000000e+00 1.870508e+02 4.017151e+00
1.819154e+02 0.000000e+00 1.870508e+02 -5.135468e+00
1.091750e+01 0.000000e+00 4.435913e+01 -3.344164e+01
1.054543e+02 0.000000e+00 4.435913e+01 6.109520e+01
2.480955e+02 0.000000e+00 1.584154e+02 8.968013e+01
4.575264e+01 0.000000e+00 1.584154e+02 -1.126627e+02
