8.733780e+01 0.000000e+00 5.068653e+01 3.665126e+01
1.520281e+01 0.000000e+00 5.068653e+01 -3.548372e+01
1.572650e+02 0.000000e+00 1.364921e+02 2.077292e+01
1.165016e+02 0.000000e+00 1.364921e+02 -1.999048e+01
4.956442e+01 0.000000e+00 -7.998545e-01 5.036428e+01
-5.107736e+01 0.000000e+00 -7.998545e-01 -5.027751e+01
2.328270e+02 0.000000e+00 1.799748e+02 5.285226e+01
1.180668e+02 0.000000e+00 1.799748e+02 -6.190800e+01
1.337471e+02 0.000000e+00 1.811583e+02 -4.741120e+01
2.365316e+02 0.000000e+00 1.811583e+02 5.537329e+01
1.491964e+02 0.000000e+00 1.146428e+02 3.455356e+01
8.078302e+01 0.000000e+00 1.146428e+02 -3.385983e+01
9.031230e+01 0.000000e+00 9.636758e+01 -6.055272e+00
1.018880e+02 0.000000e+00 9.636758e+01 5.520391e+00
9.891232e+01 0.000000e+00 6.535003e+01 3.356229e+01
2.727818e+01 0.000000e+00 6.535003e+01 -3.807185e+01
1.413643e+02 0.000000e+00 1.337006e+02 7.663699e+00
1.259056e+02 0.000000e+00 1.337006e+02 -7.795051e+00
6.640429e+01 0.000000e+00 1.155549e+02 -4.915065e+01
1.532052e+02 0.000000e+00 1.155549e+02 3.765029e+01
1.868225e+02 0.000000e+00 1.375806e+02 4.924191e+01
9.684719e+01 0.000000e+00 1.375806e+02 -4.073339e+01
2.436170e+02 0.000000e+00 2.242907e+02 1.932629e+01
2.057707e+02 0.000000e+00 2.242907e+02 -1.851998e+01
1.463812e+02 0.000000e+00 1.505487e+02 -4.167526e+00
1.546872e+02 0.000000e+00 1.505487e+02 4.138468e+00
1.192306e+02 0.000000e+00 1.271299e+02 -7.899240e+00
1.364469e+02 0.000000e+00 1.271299e+02 9.317055e+00
3.023447e+02 0.000000e+00 2.890962e+02 1.324854e+01
2.765921e+02 0.000000e+00 2.890962e+02 -1.250402e+01
9.524338e+01 0.000000e+00 1.103147e+02 -1.507128e+01
1.230104e+02 0.000000e+00 1.103147e+02 1.269572e+01
1.731016e+02 0.000000e+00 1.548067e+02 1.829491e+01
1.399013e+02 0.000000e+00 1.548067e+02 -1.490546e+01
1.258063e+02 0.000000e+00 1.034802e+02 2.232614e+01
7.991418e+01 0.000000e+00 1.034802e+02 -2.356603e+01
1.444247e+02 0.000000e+00 1.594258e+02 -1.500109e+01
1.577187e+02 0.000000e+00 1.594258e+02 -1.707055e+00
1.490950e+02 0.000000e+00 1.144814e+02 3.461357e+01
7.606678e+01 0.000000e+00 1.144814e+02 -3.841460e+01
1.963493e+02 0.000000e+00 1.953979e+02 9.513873e-01
1.956751e+02 0.000000e+00 1.953979e+02 2.772127e-01
1.544518e+02 0.000000e+00 9.575760e+01 5.869418e+01
3.997589e+01 0.000000e+00 9.575760e+01 -5.578171e+01
6.415132e+01 0.000000e+00 7.301760e+01 -8.866283e+00
8.168728e+01 0.000000e+00 7.301760e+01 8.669680e+00
2.787476e+02 2.671256e+02 2.671256e+02 2.787476e+02
2.518146e+02 2.671256e+02 2.671256e+02 2.518146e+02
5.763679e+01 0.000000e+00 7.917093e+01 -2.153414e+01
1.074912e+02 0.000000e+00 7.917093e+01 2.832030e+01
1.079621e+02 0.000000e+00 8.557128e+01 2.239084e+01
6.225832e+01 0.000000e+00 8.557128e+01 -2.331296e+01
