7.661073e+01 0.000000e+00 3.541201e+01 4.119872e+01
-4.206981e+00 0.000000e+00 3.541201e+01 -3.961899e+01
2.580103e+02 2.375164e+02 2.375164e+02 2.580103e+02
2.187190e+02 2.375164e+02 2.375164e+02 2.187190e+02
3.342557e+01 0.000000e+00 -1.208302e+01 4.550859e+01
-5.333118e+01 0.000000e+00 -1.208302e+01 -4.124816e+01
1.941077e+02 0.000000e+00 1.437832e+02 5.032457e+01
8.821299e+01 0.000000e+00 1.437832e+02 -5.557019e+01
1.164778e+02 0.000000e+00 1.855918e+02 -6.911400e+01
2.658144e+02 0.000000e+00 1.855918e+02 8.022268e+01
9.279599e+01 0.000000e+00 6.612253e+01 2.667346e+01
3.725740e+01 0.000000e+00 6.612253e+01 -2.886513e+01
6.397108e+01 0.000000e+00 7.729004e+01 -1.331896e+01
8.982643e+01 0.000000e+00 7.729004e+01 1.253638e+01
9.842852e+01 0.000000e+00 6.598592e+01 3.244260e+01
3.131471e+01 0.000000e+00 6.598592e+01 -3.467122e+01
1.202356e+02 0.000000e+00 1.188933e+02 1.342378e+00
1.168414e+02 0.000000e+00 1.188933e+02 -2.051854e+00
5.767156e+01 0.000000e+00 9.307111e+01 -3.539955e+01
1.202221e+02 0.000000e+00 9.307111e+01 2.715096e+01
1.746599e+02 0.000000e+00 1.280019e+02 4.665805e+01
8.861977e+01 0.000000e+00 1.280019e+02 -3.938213e+01
1.812763e+02 0.000000e+00 1.638263e+02 1.744991e+01
1.458972e+02 0.000000e+00 1.638263e+02 -1.792917e+01
1.322264e+02 0.000000e+00 1.333083e+02 -1.081855e+00
1.343361e+02 0.000000e+00 1.333083e+02 1.027798e+00
9.258459e+01 0.000000e+00 9.129131e+01 1.293281e+00
9.083151e+01 0.000000e+00 9.129131e+01 -4.597950e-01
2.368609e+02 0.000000e+00 2.266468e+02 1.021411e+01
2.166969e+02 0.000000e+00 2.266468e+02 -9.949888e+00
7.647073e+01 0.000000e+00 8.041718e+01 -3.946449e+00
8.379894e+01 0.000000e+00 8.041718e+01 3.381761e+00
1.714411e+02 0.000000e+00 1.491074e+02 2.233376e+01
1.322050e+02 0.000000e+00 1.491074e+02 -1.690242e+01
7.534547e+01 0.000000e+00 6.468637e+01 1.065910e+01
5.313389e+01 0.000000e+00 6.468637e+01 -1.155249e+01
2.359813e+02 0.000000e+00 1.748804e+02 6.110090e+01
1.493998e+02 0.000000e+00 1.748804e+02 -2.548060e+01
1.321801e+02 0.000000e+00 1.067718e+02 2.540832e+01
7.875208e+01 0.000000e+00 1.067718e+02 -2.801971e+01
1.619531e+02 0.000000e+00 1.510143e+02 1.093873e+01
1.404975e+02 0.000000e+00 1.510143e+02 -1.051682e+01
1.183972e+02 0.000000e+00 6.476215e+01 5.363504e+01
1.659167e+01 0.000000e+00 6.476215e+01 -4.817048e+01
3.185172e+01 0.000000e+00 4.148824e+01 -9.636520e+00
5.254648e+01 0.000000e+00 4.148824e+01 1.105824e+01
7.442312e+01 0.000000e+00 8.773649e+01 -1.331337e+01
1.020292e+02 0.000000e+00 8.773649e+01 1.429267e+01
3.506865e+01 0.000000e+00 5.323770e+01 -1.816905e+01
7.712624e+01 0.000000e+00 5.323770e+01 2.388854e+01
9.351278e+01 0.000000e+00 6.472147e+01 2.879131e+01
3.449993e+01 0.000000e+00 6.472147e+01 -3.022155e+01
