9.275313e+01 0.000000e+00 4.310335e+01 4.964978e+01
-8.077782e+00 0.000000e+00 4.310335e+01 -5.118113e+01
1.410564e+02 0.000000e+00 1.028745e+02 3.818198e+01
7.275677e+01 0.000000e+00 1.028745e+02 -3.011768e+01
-5.539988e+01 0.000000e+00 -2.536779e+01 -3.003208e+01
-4.801411e+00 0.000000e+00 -2.536779e+01 2.056638e+01
9.780486e+01 0.000000e+00 4.800039e+01 4.980447e+01
-1.482709e+01 0.000000e+00 4.800039e+01 -6.282747e+01
2.657985e+02 0.000000e+00 2.388393e+02 2.695918e+01
2.047792e+02 0.000000e+00 2.388393e+02 -3.406009e+01
2.553772e+02 0.000000e+00 1.502333e+02 1.051439e+02
6.999457e+01 0.000000e+00 1.502333e+02 -8.023872e+01
1.080601e+02 0.000000e+00 1.152731e+02 -7.212997e+00
1.232193e+02 0.000000e+00 1.152731e+02 7.946175e+00
1.263922e+02 0.000000e+00 1.333215e+02 -6.929329e+00
1.393107e+02 0.000000e+00 1.333215e+02 5.989182e+00
4.494731e+02 4.587237e+02 4.587237e+02 4.494731e+02
4.680854e+02 4.587237e+02 4.587237e+02 4.680854e+02
-7.020264e+01 0.000000e+00 2.944356e+01 -9.964620e+01
1.286694e+02 0.000000e+00 2.944356e+01 9.922583e+01
2.305015e+02 0.000000e+00 1.936179e+02 3.688364e+01
1.583568e+02 0.000000e+00 1.936179e+02 -3.526106e+01
2.259649e+02 0.000000e+00 2.213690e+02 4.595901e+00
2.159279e+02 0.000000e+00 2.213690e+02 -5.441132e+00
1.946336e+02 0.000000e+00 1.720667e+02 2.256686e+01
1.512062e+02 0.000000e+00 1.720667e+02 -2.086055e+01
2.136534e+02 0.000000e+00 1.949118e+02 1.874153e+01
1.729551e+02 0.000000e+00 1.949118e+02 -2.195674e+01
3.399105e+02 0.000000e+00 3.428081e+02 -2.897614e+00
3.464845e+02 0.000000e+00 3.428081e+02 3.676331e+00
1.931990e+02 0.000000e+00 1.347274e+02 5.847160e+01
8.690874e+01 0.000000e+00 1.347274e+02 -4.781862e+01
2.456348e+02 0.000000e+00 2.024229e+02 4.321187e+01
1.690314e+02 0.000000e+00 2.024229e+02 -3.339157e+01
1.989262e+02 0.000000e+00 1.361448e+02 6.278142e+01
7.522501e+01 0.000000e+00 1.361448e+02 -6.091975e+01
5.180994e+01 0.000000e+00 7.028764e+01 -1.847771e+01
8.267036e+01 0.000000e+00 7.028764e+01 1.238272e+01
2.172924e+02 0.000000e+00 1.572481e+02 6.004431e+01
9.387883e+01 0.000000e+00 1.572481e+02 -6.336923e+01
2.373301e+02 0.000000e+00 2.210632e+02 1.626689e+01
2.014891e+02 0.000000e+00 2.210632e+02 -1.957410e+01
3.446329e+02 0.000000e+00 2.466106e+02 9.802232e+01
1.648836e+02 0.000000e+00 2.466106e+02 -8.172701e+01
1.313669e+02 0.000000e+00 1.507875e+02 -1.942061e+01
1.774973e+02 0.000000e+00 1.507875e+02 2.670978e+01
3.146684e+02 0.000000e+00 2.996932e+02 1.497516e+01
2.795644e+02 0.000000e+00 2.996932e+02 -2.012885e+01
-4.654303e+01 0.000000e+00 4.737163e+01 -9.391466e+01
1.688697e+02 0.000000e+00 4.737163e+01 1.214981e+02
-2.683490e+01 0.000000e+00 1.586321e+01 -4.269811e+01
7.416707e+01 0.000000e+00 1.586321e+01 5.830386e+01
