9.976523e+01 0.000000e+00 6.112883e+01 3.863639e+01
2.304678e+01 0.000000e+00 6.112883e+01 -3.808205e+01
1.699578e+02 0.000000e+00 1.448082e+02 2.514956e+01
1.226537e+02 0.000000e+00 1.448082e+02 -2.215452e+01
3.164974e+01 0.000000e+00 -1.171608e+00 3.282134e+01
-3.155508e+01 0.000000e+00 -1.171608e+00 -3.038347e+01
2.197771e+02 0.000000e+00 1.737935e+02 4.598356e+01
1.172645e+02 0.000000e+00 1.737935e+02 -5.652905e+01
1.575853e+02 0.000000e+00 1.867077e+02 -2.912236e+01
2.205922e+02 0.000000e+00 1.867077e+02 3.388452e+01
1.173788e+02 0.000000e+00 9.610109e+01 2.127776e+01
7.557155e+01 0.000000e+00 9.610109e+01 -2.052954e+01
8.957463e+01 0.000000e+00 9.995614e+01 -1.038151e+01
1.099125e+02 0.000000e+00 9.995614e+01 9.956318e+00
1.087199e+02 0.000000e+00 8.049763e+01 2.822224e+01
4.940623e+01 0.000000e+00 8.049763e+01 -3.109140e+01
1.205338e+02 0.000000e+00 1.202502e+02 2.835717e-01
1.198555e+02 0.000000e+00 1.202502e+02 -3.946706e-01
5.488689e+01 0.000000e+00 9.106712e+01 -3.618023e+01
1.188685e+02 0.000000e+00 9.106712e+01 2.780135e+01
1.834795e+02 0.000000e+00 1.418803e+02 4.159925e+01
1.048522e+02 0.000000e+00 1.418803e+02 -3.702812e+01
2.290595e+02 0.000000e+00 1.998028e+02 2.925671e+01
1.677334e+02 0.000000e+00 1.998028e+02 -3.206940e+01
1.353704e+02 0.000000e+00 1.448843e+02 -9.513859e+00
1.543828e+02 0.000000e+00 1.448843e+02 9.498547e+00
1.278120e+02 0.000000e+00 1.358106e+02 -7.998543e+00
1.446758e+02 0.000000e+00 1.358106e+02 8.865249e+00
2.793248e+02 0.000000e+00 2.679198e+02 1.140502e+01
2.570817e+02 0.000000e+00 2.679198e+02 -1.083808e+01
1.105201e+02 0.000000e+00 1.151385e+02 -4.618474e+00
1.192704e+02 0.000000e+00 1.151385e+02 4.131860e+00
2.220133e+02 0.000000e+00 1.855235e+02 3.648982e+01
1.559038e+02 0.000000e+00 1.855235e+02 -2.961973e+01
1.061280e+02 0.000000e+00 9.404139e+01 1.208658e+01
8.118527e+01 0.000000e+00 9.404139e+01 -1.285611e+01
2.239971e+02 0.000000e+00 1.695154e+02 5.448173e+01
1.461279e+02 0.000000e+00 1.695154e+02 -2.338746e+01
1.368929e+02 0.000000e+00 1.094832e+02 2.740970e+01
7.940769e+01 0.000000e+00 1.094832e+02 -3.007555e+01
1.710099e+02 0.000000e+00 1.728610e+02 -1.851082e+00
1.749289e+02 0.000000e+00 1.728610e+02 2.067934e+00
3.063176e+02 2.459653e+02 2.459653e+02 3.063176e+02
1.942912e+02 2.459653e+02 2.459653e+02 1.942912e+02
6.112721e+01 0.000000e+00 7.229838e+01 -1.117117e+01
8.445007e+01 0.000000e+00 7.229838e+01 1.215169e+01
1.281357e+02 0.000000e+00 1.246775e+02 3.458266e+00
1.197093e+02 0.000000e+00 1.246775e+02 -4.968158e+00
6.050528e+01 0.000000e+00 7.455658e+01 -1.405130e+01
9.119721e+01 0.000000e+00 7.455658e+01 1.664064e+01
1.217397e+02 0.000000e+00 9.390560e+01 2.783415e+01
6.758368e+01 0.000000e+00 9.390560e+01 -2.632192e+01
