5.329203e+01 0.000000e+00 1.855692e+01 3.473511e+01
-1.520591e+01 0.000000e+00 1.855692e+01 -3.376283e+01
1.518424e+02 0.000000e+00 1.333025e+02 1.853986e+01
1.162617e+02 0.000000e+00 1.333025e+02 -1.704085e+01
5.478837e+00 0.000000e+00 -2.309276e+01 2.857160e+01
-4.925546e+01 0.000000e+00 -2.309276e+01 -2.616269e+01
1.634940e+02 0.000000e+00 1.261620e+02 3.733197e+01
8.397835e+01 0.000000e+00 1.261620e+02 -4.218363e+01
1.052891e+02 0.000000e+00 1.666701e+02 -6.138094e+01
2.379769e+02 0.000000e+00 1.666701e+02 7.130678e+01
8.753941e+01 0.000000e+00 5.041331e+01 3.712610e+01
9.191614e+00 0.000000e+00 5.041331e+01 -4.122169e+01
4.871960e+01 0.000000e+00 6.496703e+01 -1.624743e+01
8.076831e+01 0.000000e+00 6.496703e+01 1.580128e+01
7.436391e+01 0.000000e+00 5.178083e+01 2.258308e+01
2.822386e+01 0.000000e+00 5.178083e+01 -2.355697e+01
1.019112e+02 0.000000e+00 9.546984e+01 6.441394e+00
8.852778e+01 0.000000e+00 9.546984e+01 -6.942061e+00
5.183886e+01 0.000000e+00 9.899548e+01 -4.715662e+01
1.359557e+02 0.000000e+00 9.899548e+01 3.696025e+01
2.648244e+02 2.143125e+02 2.143125e+02 2.648244e+02
1.704460e+02 2.143125e+02 2.143125e+02 1.704460e+02
1.573381e+02 0.000000e+00 1.418047e+02 1.553341e+01
1.265520e+02 0.000000e+00 1.418047e+02 -1.525276e+01
1.008400e+02 0.000000e+00 1.116700e+02 -1.082998e+01
1.226385e+02 0.000000e+00 1.116700e+02 1.096844e+01
7.033861e+01 0.000000e+00 6.847262e+01 1.865986e+00
6.717925e+01 0.000000e+00 6.847262e+01 -1.293374e+00
2.266805e+02 0.000000e+00 2.174891e+02 9.191370e+00
2.086834e+02 0.000000e+00 2.174891e+02 -8.805698e+00
6.137835e+01 0.000000e+00 6.222145e+01 -8.430978e-01
6.242614e+01 0.000000e+00 6.222145e+01 2.046886e-01
1.504125e+02 0.000000e+00 1.318307e+02 1.858183e+01
1.185485e+02 0.000000e+00 1.318307e+02 -1.328220e+01
6.508761e+01 0.000000e+00 5.491090e+01 1.017671e+01
4.394299e+01 0.000000e+00 5.491090e+01 -1.096791e+01
2.218295e+02 0.000000e+00 1.583466e+02 6.348294e+01
1.304174e+02 0.000000e+00 1.583466e+02 -2.792921e+01
1.061611e+02 0.000000e+00 9.387798e+01 1.228309e+01
7.995541e+01 0.000000e+00 9.387798e+01 -1.392257e+01
1.780491e+02 0.000000e+00 1.658455e+02 1.220360e+01
1.545188e+02 0.000000e+00 1.658455e+02 -1.132667e+01
1.040874e+02 0.000000e+00 5.267394e+01 5.141341e+01
5.541924e+00 0.000000e+00 5.267394e+01 -4.713202e+01
3.805912e+01 0.000000e+00 4.436517e+01 -6.306043e+00
5.136101e+01 0.000000e+00 4.436517e+01 6.995840e+00
7.748409e+01 0.000000e+00 8.305103e+01 -5.566933e+00
8.938018e+01 0.000000e+00 8.305103e+01 6.329151e+00
2.994642e+01 0.000000e+00 5.203940e+01 -2.209298e+01
8.007549e+01 0.000000e+00 5.203940e+01 2.803609e+01
7.199758e+01 0.000000e+00 4.821117e+01 2.378642e+01
2.306162e+01 0.000000e+00 4.821117e+01 -2.514955e+01
