1.525312e+02 0.000000e+00 6.711375e+01 8.541750e+01
-1.416838e+01 0.000000e+00 6.711375e+01 -8.128213e+01
2.123328e+02 0.000000e+00 1.286709e+02 8.366196e+01
6.879156e+01 0.000000e+00 1.286709e+02 -5.987931e+01
5.790717e+01 0.000000e+00 5.006020e+01 7.846970e+00
4.441781e+01 0.000000e+00 5.006020e+01 -5.642384e+00
4.420738e+02 0.000000e+00 4.062486e+02 3.582523e+01
3.402531e+02 0.000000e+00 4.062486e+02 -6.599545e+01
2.940857e+02 0.000000e+00 2.585450e+02 3.554071e+01
2.057212e+02 0.000000e+00 2.585450e+02 -5.282378e+01
2.096272e+02 0.000000e+00 1.249422e+02 8.468498e+01
5.154481e+01 0.000000e+00 1.249422e+02 -7.339736e+01
8.415521e+01 0.000000e+00 5.349945e+01 3.065576e+01
2.128072e+01 0.000000e+00 5.349945e+01 -3.221873e+01
1.999894e+02 0.000000e+00 1.336551e+02 6.633426e+01
4.771359e+01 0.000000e+00 1.336551e+02 -8.594153e+01
2.670200e+02 0.000000e+00 2.026599e+02 6.436017e+01
1.324892e+02 0.000000e+00 2.026599e+02 -7.017068e+01
5.787798e+01 0.000000e+00 1.092223e+02 -5.134436e+01
1.549621e+02 0.000000e+00 1.092223e+02 4.573972e+01
1.387078e+02 0.000000e+00 1.360267e+02 2.681107e+00
1.333651e+02 0.000000e+00 1.360267e+02 -2.661575e+00
1.899985e+02 0.000000e+00 2.201126e+02 -3.011407e+01
2.798590e+02 0.000000e+00 2.201126e+02 5.974637e+01
1.316556e+02 0.000000e+00 1.015171e+02 3.013849e+01
7.560614e+01 0.000000e+00 1.015171e+02 -2.591098e+01
6.872655e+01 0.000000e+00 7.313878e+01 -4.412231e+00
7.865460e+01 0.000000e+00 7.313878e+01 5.515823e+00
3.003726e+02 0.000000e+00 3.508541e+02 -5.048145e+01
4.166888e+02 0.000000e+00 3.508541e+02 6.583475e+01
8.204801e+02 7.630792e+02 7.630792e+02 8.204801e+02
7.165669e+02 7.630792e+02 7.630792e+02 7.165669e+02
3.278271e+02 0.000000e+00 2.734242e+02 5.440283e+01
2.216883e+02 0.000000e+00 2.734242e+02 -5.173595e+01
3.193666e+02 0.000000e+00 3.715240e+02 -5.215738e+01
4.649107e+02 0.000000e+00 3.715240e+02 9.338672e+01
-1.672232e+00 0.000000e+00 1.818519e+02 -1.835241e+02
3.126801e+02 0.000000e+00 1.818519e+02 1.308283e+02
2.129475e+02 0.000000e+00 1.901622e+02 2.278534e+01
1.699795e+02 0.000000e+00 1.901622e+02 -2.018268e+01
2.081926e+02 0.000000e+00 1.836727e+02 2.451997e+01
1.600039e+02 0.000000e+00 1.836727e+02 -2.366875e+01
1.514223e+02 0.000000e+00 1.398078e+02 1.161453e+01
1.301912e+02 0.000000e+00 1.398078e+02 -9.616577e+00
4.627377e+01 0.000000e+00 1.809223e+01 2.818154e+01
-2.228937e+01 0.000000e+00 1.809223e+01 -4.038160e+01
2.618591e+02 0.000000e+00 2.588360e+02 3.023102e+00
2.551412e+02 0.000000e+00 2.588360e+02 -3.694824e+00
7.333595e+01 0.000000e+00 5.696605e+01 1.636990e+01
3.540355e+01 0.000000e+00 5.696605e+01 -2.156250e+01
7.313789e+01 0.000000e+00 8.124848e+01 -8.110588e+00
9.062123e+01 0.000000e+00 8.124848e+01 9.372749e+00
