5.226015e+01 0.000000e+00 5.524210e+01 -2.981949e+00
5.893878e+01 0.000000e+00 5.524210e+01 3.696678e+00
2.664831e+02 0.000000e+00 1.767595e+02 8.972357e+01
4.739037e+01 0.000000e+00 1.767595e+02 -1.293691e+02
-1.334098e+02 0.000000e+00 -3.033190e+01 -1.030779e+02
5.559030e+01 0.000000e+00 -3.033190e+01 8.592220e+01
1.945193e+02 0.000000e+00 7.824632e+01 1.162729e+02
-2.606197e+01 0.000000e+00 7.824632e+01 -1.043083e+02
-9.310779e+01 0.000000e+00 -4.329405e+01 -4.981374e+01
2.497688e+01 0.000000e+00 -4.329405e+01 6.827093e+01
4.679336e+02 0.000000e+00 4.355017e+02 3.243192e+01
4.112563e+02 0.000000e+00 4.355017e+02 -2.424536e+01
-1.142803e+02 0.000000e+00 -8.659935e+01 -2.768094e+01
-5.359798e+01 0.000000e+00 -8.659935e+01 3.300137e+01
-2.500776e+01 0.000000e+00 -5.549412e+01 3.048636e+01
-1.053532e+02 0.000000e+00 -5.549412e+01 -4.985912e+01
5.250383e+02 0.000000e+00 5.342321e+02 -9.193787e+00
5.381918e+02 0.000000e+00 5.342321e+02 3.959778e+00
5.323625e+01 0.000000e+00 1.050010e+02 -5.176473e+01
1.333758e+02 0.000000e+00 1.050010e+02 2.837479e+01
1.586114e+02 0.000000e+00 1.119241e+02 4.668727e+01
7.065720e+01 0.000000e+00 1.119241e+02 -4.126688e+01
3.346784e+02 0.000000e+00 2.275374e+02 1.071410e+02
1.408286e+02 0.000000e+00 2.275374e+02 -8.670879e+01
2.500820e+01 0.000000e+00 2.411048e+01 8.977184e-01
2.325031e+01 0.000000e+00 2.411048e+01 -8.601780e-01
2.009670e+02 0.000000e+00 1.843636e+02 1.660339e+01
1.643354e+02 0.000000e+00 1.843636e+02 -2.002820e+01
4.362202e+02 0.000000e+00 3.370916e+02 9.912857e+01
2.533338e+02 0.000000e+00 3.370916e+02 -8.375789e+01
2.286313e+02 0.000000e+00 2.123396e+02 1.629169e+01
2.013379e+02 0.000000e+00 2.123396e+02 -1.100169e+01
-1.236148e+02 0.000000e+00 -4.251933e+01 -8.109542e+01
5.408745e+01 0.000000e+00 -4.251933e+01 9.660678e+01
1.733141e+02 0.000000e+00 1.501788e+02 2.313530e+01
1.164867e+02 0.000000e+00 1.501788e+02 -3.369213e+01
1.592474e+02 0.000000e+00 1.923307e+02 -3.308339e+01
2.132663e+02 0.000000e+00 1.923307e+02 2.093550e+01
8.828505e+01 0.000000e+00 7.064708e+01 1.763797e+01
4.682730e+01 0.000000e+00 7.064708e+01 -2.381978e+01
5.166926e+02 0.000000e+00 3.994243e+02 1.172683e+02
3.459893e+02 0.000000e+00 3.994243e+02 -5.343500e+01
-2.350464e+02 0.000000e+00 -1.741795e+02 -6.086691e+01
-1.430329e+02 0.000000e+00 -1.741795e+02 3.114655e+01
3.193011e+02 0.000000e+00 3.369075e+02 -1.760632e+01
3.482372e+02 0.000000e+00 3.369075e+02 1.132968e+01
9.485464e+02 7.891547e+02 7.891547e+02 9.485464e+02
5.805947e+02 7.891547e+02 7.891547e+02 5.805947e+02
-3.897498e+01 0.000000e+00 9.845171e+01 -1.374267e+02
3.187957e+02 0.000000e+00 9.845171e+01 2.203439e+02
-3.040222e+01 0.000000e+00 1.916747e+01 -4.956968e+01
7.654006e+01 0.000000e+00 1.916747e+01 5.737259e+01
