6.895303e+01 0.000000e+00 2.497308e+01 4.397995e+01
-1.695551e+01 0.000000e+00 2.497308e+01 -4.192858e+01
1.535528e+02 0.000000e+00 1.311421e+02 2.241071e+01
1.092785e+02 0.000000e+00 1.311421e+02 -2.186355e+01
2.864412e+01 0.000000e+00 -2.165016e+01 5.029428e+01
-7.024228e+01 0.000000e+00 -2.165016e+01 -4.859212e+01
1.862018e+02 0.000000e+00 1.421044e+02 4.409734e+01
9.048148e+01 0.000000e+00 1.421044e+02 -5.162294e+01
9.794584e+01 0.000000e+00 1.537327e+02 -5.578685e+01
2.184898e+02 0.000000e+00 1.537327e+02 6.475711e+01
8.832718e+01 0.000000e+00 5.781849e+01 3.050869e+01
2.521237e+01 0.000000e+00 5.781849e+01 -3.260612e+01
7.510238e+01 0.000000e+00 8.598274e+01 -1.088037e+01
9.611389e+01 0.000000e+00 8.598274e+01 1.013115e+01
1.122669e+02 0.000000e+00 7.487069e+01 3.739620e+01
3.345782e+01 0.000000e+00 7.487069e+01 -4.141287e+01
1.279852e+02 0.000000e+00 1.150727e+02 1.291245e+01
1.026762e+02 0.000000e+00 1.150727e+02 -1.239648e+01
4.750024e+01 0.000000e+00 1.036717e+02 -5.617151e+01
1.481749e+02 0.000000e+00 1.036717e+02 4.450319e+01
1.455768e+02 0.000000e+00 1.108629e+02 3.471390e+01
8.209079e+01 0.000000e+00 1.108629e+02 -2.877209e+01
1.651685e+02 0.000000e+00 1.480931e+02 1.707543e+01
1.316508e+02 0.000000e+00 1.480931e+02 -1.644223e+01
2.296662e+02 2.390505e+02 2.390505e+02 2.296662e+02
2.486745e+02 2.390505e+02 2.390505e+02 2.486745e+02
7.869462e+01 0.000000e+00 8.169831e+01 -3.003698e+00
8.525786e+01 0.000000e+00 8.169831e+01 3.559541e+00
2.459670e+02 0.000000e+00 2.367270e+02 9.240007e+00
2.280096e+02 0.000000e+00 2.367270e+02 -8.717396e+00
8.263159e+01 0.000000e+00 8.900258e+01 -6.370992e+00
9.436056e+01 0.000000e+00 8.900258e+01 5.357982e+00
1.799014e+02 0.000000e+00 1.504490e+02 2.945233e+01
1.291447e+02 0.000000e+00 1.504490e+02 -2.130434e+01
4.620022e+01 0.000000e+00 4.161835e+01 4.581868e+00
3.536963e+01 0.000000e+00 4.161835e+01 -6.248720e+00
1.680994e+02 0.000000e+00 1.502989e+02 1.780046e+01
1.400024e+02 0.000000e+00 1.502989e+02 -1.029655e+01
1.323268e+02 0.000000e+00 1.055548e+02 2.677208e+01
7.468562e+01 0.000000e+00 1.055548e+02 -3.086914e+01
1.859655e+02 0.000000e+00 1.814486e+02 4.516836e+00
1.783693e+02 0.000000e+00 1.814486e+02 -3.079366e+00
1.170874e+02 0.000000e+00 5.500250e+01 6.208489e+01
-3.128407e+00 0.000000e+00 5.500250e+01 -5.813090e+01
2.379908e+01 0.000000e+00 3.127343e+01 -7.474353e+00
3.814562e+01 0.000000e+00 3.127343e+01 6.872190e+00
7.994758e+01 0.000000e+00 8.851075e+01 -8.563166e+00
9.708499e+01 0.000000e+00 8.851075e+01 8.574239e+00
2.133488e+01 0.000000e+00 4.000165e+01 -1.866676e+01
6.346632e+01 0.000000e+00 4.000165e+01 2.346467e+01
1.034611e+02 0.000000e+00 7.101432e+01 3.244681e+01
3.789702e+01 0.000000e+00 7.101432e+01 -3.311730e+01
