4.558290e+01 0.000000e+00 2.890310e+01 1.667981e+01
1.309546e+01 0.000000e+00 2.890310e+01 -1.580764e+01
-3.650558e+01 0.000000e+00 3.604780e+01 -7.255338e+01
9.930956e+01 0.000000e+00 3.604780e+01 6.326176e+01
1.267608e+01 0.000000e+00 -6.274123e+00 1.895020e+01
-2.438889e+01 0.000000e+00 -6.274123e+00 -1.811477e+01
1.723824e+02 0.000000e+00 1.201395e+02 5.224286e+01
2.985935e+01 0.000000e+00 1.201395e+02 -9.028014e+01
1.674017e+02 0.000000e+00 1.551689e+02 1.223280e+01
1.402405e+02 0.000000e+00 1.551689e+02 -1.492842e+01
6.343336e+02 5.139171e+02 5.139171e+02 6.343336e+02
3.788757e+02 5.139171e+02 5.139171e+02 3.788757e+02
2.154898e+02 0.000000e+00 2.058310e+02 9.658859e+00
1.950560e+02 0.000000e+00 2.058310e+02 -1.077493e+01
-2.137286e+01 0.000000e+00 -1.968754e+01 -1.685326e+00
-1.742911e+01 0.000000e+00 -1.968754e+01 2.258429e+00
1.128270e+02 0.000000e+00 9.958976e+01 1.323722e+01
8.519472e+01 0.000000e+00 9.958976e+01 -1.439504e+01
-3.526453e+01 0.000000e+00 1.501935e+01 -5.028387e+01
5.034451e+01 0.000000e+00 1.501935e+01 3.532517e+01
1.011838e+02 0.000000e+00 1.079648e+02 -6.780983e+00
1.148862e+02 0.000000e+00 1.079648e+02 6.921410e+00
1.640374e+02 0.000000e+00 1.459030e+02 1.813449e+01
1.298709e+02 0.000000e+00 1.459030e+02 -1.603204e+01
5.959720e+01 0.000000e+00 -1.192653e+01 7.152373e+01
-8.310951e+01 0.000000e+00 -1.192653e+01 -7.118298e+01
9.475954e+01 0.000000e+00 1.289319e+02 -3.417235e+01
1.724117e+02 0.000000e+00 1.289319e+02 4.347983e+01
3.227951e+00 0.000000e+00 4.238435e+01 -3.915639e+01
7.194015e+01 0.000000e+00 4.238435e+01 2.955580e+01
1.256806e+02 0.000000e+00 1.034182e+02 2.226241e+01
8.368906e+01 0.000000e+00 1.034182e+02 -1.972910e+01
-1.051453e+02 0.000000e+00 -2.959999e+01 -7.554531e+01
4.444732e+01 0.000000e+00 -2.959999e+01 7.404731e+01
-1.858241e+02 0.000000e+00 -4.343016e+01 -1.423939e+02
7.392140e+01 0.000000e+00 -4.343016e+01 1.173516e+02
4.190706e+02 0.000000e+00 3.352216e+02 8.384891e+01
2.877688e+02 0.000000e+00 3.352216e+02 -4.745288e+01
1.032495e+02 0.000000e+00 7.983002e+01 2.341949e+01
5.310588e+01 0.000000e+00 7.983002e+01 -2.672414e+01
1.975889e+02 0.000000e+00 1.123965e+02 8.519237e+01
3.371500e+01 0.000000e+00 1.123965e+02 -7.868153e+01
-1.892262e+01 0.000000e+00 -2.167523e+01 2.752613e+00
-2.387627e+01 0.000000e+00 -2.167523e+01 -2.201040e+00
-5.539487e+01 0.000000e+00 -3.540263e+01 -1.999224e+01
-1.153371e+01 0.000000e+00 -3.540263e+01 2.386892e+01
2.067286e+02 0.000000e+00 1.899707e+02 1.675792e+01
1.771258e+02 0.000000e+00 1.899707e+02 -1.284492e+01
6.518030e+01 0.000000e+00 4.405814e+01 2.112216e+01
1.535014e+01 0.000000e+00 4.405814e+01 -2.870800e+01
1.072907e+02 0.000000e+00 7.948068e+01 2.781005e+01
4.567432e+01 0.000000e+00 7.948068e+01 -3.380637e+01
