1.093755e+02 0.000000e+00 8.405547e+01 2.532008e+01
6.131052e+01 0.000000e+00 8.405547e+01 -2.274495e+01
2.370449e+02 0.000000e+00 1.907903e+02 4.625458e+01
1.529442e+02 0.000000e+00 1.907903e+02 -3.784607e+01
4.821640e+02 4.338243e+02 4.338243e+02 4.821640e+02
3.790712e+02 4.338243e+02 4.338243e+02 3.790712e+02
7.899149e+02 0.000000e+00 7.082520e+02 8.166284e+01
5.580634e+02 0.000000e+00 7.082520e+02 -1.501887e+02
2.021885e+02 0.000000e+00 2.661935e+02 -6.400502e+01
3.308719e+02 0.000000e+00 2.661935e+02 6.467847e+01
2.906324e+02 0.000000e+00 2.245897e+02 6.604268e+01
1.675051e+02 0.000000e+00 2.245897e+02 -5.708455e+01
1.136257e+02 0.000000e+00 8.241689e+01 3.120876e+01
4.949614e+01 0.000000e+00 8.241689e+01 -3.292075e+01
3.589146e+02 0.000000e+00 3.102347e+02 4.867990e+01
2.558923e+02 0.000000e+00 3.102347e+02 -5.434238e+01
2.703793e+02 0.000000e+00 2.429129e+02 2.746640e+01
2.182672e+02 0.000000e+00 2.429129e+02 -2.464572e+01
1.051362e+02 0.000000e+00 1.677480e+02 -6.261176e+01
2.176327e+02 0.000000e+00 1.677480e+02 4.988474e+01
2.242211e+02 0.000000e+00 1.412549e+02 8.296614e+01
4.352275e+01 0.000000e+00 1.412549e+02 -9.773216e+01
2.777878e+02 0.000000e+00 2.267212e+02 5.106667e+01
1.819492e+02 0.000000e+00 2.267212e+02 -4.477202e+01
1.115619e+02 0.000000e+00 1.397875e+02 -2.822566e+01
1.814562e+02 0.000000e+00 1.397875e+02 4.166862e+01
2.434665e+02 0.000000e+00 1.962739e+02 4.719258e+01
1.525325e+02 0.000000e+00 1.962739e+02 -4.374139e+01
4.911531e+02 0.000000e+00 4.565757e+02 3.457748e+01
4.174261e+02 0.000000e+00 4.565757e+02 -3.914954e+01
1.797831e+02 0.000000e+00 1.293175e+02 5.046565e+01
8.041092e+01 0.000000e+00 1.293175e+02 -4.890654e+01
2.007904e+02 0.000000e+00 1.013966e+02 9.939384e+01
6.232330e+00 0.000000e+00 1.013966e+02 -9.516425e+01
1.197875e+02 0.000000e+00 9.790334e+01 2.188417e+01
6.964174e+01 0.000000e+00 9.790334e+01 -2.826160e+01
2.923932e+02 0.000000e+00 2.438436e+02 4.854962e+01
2.208837e+02 0.000000e+00 2.438436e+02 -2.295985e+01
2.017250e+02 0.000000e+00 2.044198e+02 -2.694794e+00
2.073001e+02 0.000000e+00 2.044198e+02 2.880371e+00
6.630906e+02 0.000000e+00 6.918674e+02 -2.877686e+01
7.149476e+02 0.000000e+00 6.918674e+02 2.308020e+01
2.403934e+02 0.000000e+00 1.215057e+02 1.188877e+02
2.025462e+01 0.000000e+00 1.215057e+02 -1.012510e+02
1.379779e+02 0.000000e+00 1.530343e+02 -1.505640e+01
1.753036e+02 0.000000e+00 1.530343e+02 2.226936e+01
1.082059e+02 0.000000e+00 1.145529e+02 -6.347046e+00
1.231285e+02 0.000000e+00 1.145529e+02 8.575554e+00
7.564719e+01 0.000000e+00 1.883375e+02 -1.126904e+02
3.275714e+02 0.000000e+00 1.883375e+02 1.392339e+02
2.696626e+02 0.000000e+00 1.905102e+02 7.915247e+01
1.211583e+02 0.000000e+00 1.905102e+02 -6.935184e+01
