7.684673e+01 0.000000e+00 3.716207e+01 3.968466e+01
-1.372162e+00 0.000000e+00 3.716207e+01 -3.853423e+01
1.549187e+02 0.000000e+00 1.319910e+02 2.292762e+01
1.101456e+02 0.000000e+00 1.319910e+02 -2.184540e+01
4.609276e+01 0.000000e+00 -8.006817e+00 5.409958e+01
-6.283828e+01 0.000000e+00 -8.006817e+00 -5.483146e+01
2.070719e+02 0.000000e+00 1.695563e+02 3.751558e+01
1.230943e+02 0.000000e+00 1.695563e+02 -4.646205e+01
1.139003e+02 0.000000e+00 1.594128e+02 -4.551241e+01
2.117630e+02 0.000000e+00 1.594128e+02 5.235026e+01
1.063370e+02 0.000000e+00 8.440825e+01 2.192872e+01
6.071730e+01 0.000000e+00 8.440825e+01 -2.369096e+01
2.337443e+02 2.406838e+02 2.406838e+02 2.337443e+02
2.463256e+02 2.406838e+02 2.406838e+02 2.463256e+02
1.037625e+02 0.000000e+00 6.633538e+01 3.742708e+01
2.470643e+01 0.000000e+00 6.633538e+01 -4.162895e+01
1.133294e+02 0.000000e+00 1.080343e+02 5.295116e+00
1.026594e+02 0.000000e+00 1.080343e+02 -5.374844e+00
5.362966e+01 0.000000e+00 9.940417e+01 -4.577451e+01
1.340985e+02 0.000000e+00 9.940417e+01 3.469435e+01
1.547401e+02 0.000000e+00 1.157951e+02 3.894502e+01
8.325157e+01 0.000000e+00 1.157951e+02 -3.254349e+01
2.238756e+02 0.000000e+00 1.941004e+02 2.977521e+01
1.596807e+02 0.000000e+00 1.941004e+02 -3.441969e+01
1.240592e+02 0.000000e+00 1.288083e+02 -4.749156e+00
1.330942e+02 0.000000e+00 1.288083e+02 4.285914e+00
1.119395e+02 0.000000e+00 1.148761e+02 -2.936630e+00
1.189897e+02 0.000000e+00 1.148761e+02 4.113555e+00
2.438776e+02 0.000000e+00 2.357063e+02 8.171340e+00
2.284226e+02 0.000000e+00 2.357063e+02 -7.283713e+00
7.781989e+01 0.000000e+00 9.064928e+01 -1.282939e+01
1.009823e+02 0.000000e+00 9.064928e+01 1.033301e+01
1.695566e+02 0.000000e+00 1.346543e+02 3.490232e+01
1.074550e+02 0.000000e+00 1.346543e+02 -2.719925e+01
7.769892e+01 0.000000e+00 6.762787e+01 1.007105e+01
5.583773e+01 0.000000e+00 6.762787e+01 -1.179015e+01
1.659129e+02 0.000000e+00 1.479707e+02 1.794223e+01
1.355960e+02 0.000000e+00 1.479707e+02 -1.237466e+01
1.283965e+02 0.000000e+00 9.295974e+01 3.543679e+01
5.337326e+01 0.000000e+00 9.295974e+01 -3.958648e+01
1.686317e+02 0.000000e+00 1.591809e+02 9.450770e+00
1.507743e+02 0.000000e+00 1.591809e+02 -8.406693e+00
1.340539e+02 0.000000e+00 7.778182e+01 5.627212e+01
2.800415e+01 0.000000e+00 7.778182e+01 -4.977767e+01
4.293704e+01 0.000000e+00 5.268505e+01 -9.748008e+00
6.309839e+01 0.000000e+00 5.268505e+01 1.041334e+01
1.112120e+02 0.000000e+00 1.051222e+02 6.089801e+00
9.792393e+01 0.000000e+00 1.051222e+02 -7.198234e+00
3.210120e+01 0.000000e+00 5.130714e+01 -1.920594e+01
7.589954e+01 0.000000e+00 5.130714e+01 2.459240e+01
1.173838e+02 0.000000e+00 8.618612e+01 3.119768e+01
5.555439e+01 0.000000e+00 8.618612e+01 -3.063173e+01
