9.723120e+01 0.000000e+00 9.232726e+01 4.903946e+00
8.821295e+01 0.000000e+00 9.232726e+01 -4.114304e+00
3.209234e+01 0.000000e+00 9.050623e+01 -5.841389e+01
1.285942e+02 0.000000e+00 9.050623e+01 3.808797e+01
1.105016e+01 0.000000e+00 1.277917e+01 -1.729003e+00
1.392492e+01 0.000000e+00 1.277917e+01 1.145749e+00
6.473013e+01 0.000000e+00 3.604818e+01 2.868195e+01
7.615916e+00 0.000000e+00 3.604818e+01 -2.843226e+01
4.600226e+02 5.206969e+02 5.206969e+02 4.600226e+02
5.754481e+02 5.206969e+02 5.206969e+02 5.754481e+02
7.187653e+00 0.000000e+00 7.638290e+01 -6.919524e+01
1.346281e+02 0.000000e+00 7.638290e+01 5.824520e+01
-9.576618e+00 0.000000e+00 4.824534e+01 -5.782196e+01
1.079387e+02 0.000000e+00 4.824534e+01 5.969338e+01
5.949289e+01 0.000000e+00 2.677218e+01 3.272071e+01
-2.590225e+00 0.000000e+00 2.677218e+01 -2.936240e+01
1.191664e+02 0.000000e+00 1.066774e+02 1.248904e+01
9.487730e+01 0.000000e+00 1.066774e+02 -1.180010e+01
1.454353e+01 0.000000e+00 -8.505472e+00 2.304900e+01
-2.970831e+01 0.000000e+00 -8.505472e+00 -2.120284e+01
2.452529e+02 0.000000e+00 1.878569e+02 5.739594e+01
1.388852e+02 0.000000e+00 1.878569e+02 -4.897177e+01
9.515706e+01 0.000000e+00 8.792709e+01 7.229973e+00
8.207492e+01 0.000000e+00 8.792709e+01 -5.852165e+00
7.890547e+01 0.000000e+00 3.656754e+01 4.233793e+01
-4.787668e+00 0.000000e+00 3.656754e+01 -4.135521e+01
4.816404e+00 0.000000e+00 -3.854307e+00 8.670712e+00
-1.285211e+01 0.000000e+00 -3.854307e+00 -8.997801e+00
4.830645e+02 0.000000e+00 4.556059e+02 2.745853e+01
4.268987e+02 0.000000e+00 4.556059e+02 -2.870724e+01
7.244745e+01 0.000000e+00 7.283667e+01 -3.892212e-01
7.316535e+01 0.000000e+00 7.283667e+01 3.286819e-01
3.337624e+01 0.000000e+00 1.295317e+01 2.042307e+01
-4.383820e+00 0.000000e+00 1.295317e+01 -1.733699e+01
-5.384663e+00 0.000000e+00 5.178715e+01 -5.717181e+01
1.063449e+02 0.000000e+00 5.178715e+01 5.455777e+01
2.230099e+02 0.000000e+00 1.707995e+02 5.221042e+01
1.206680e+02 0.000000e+00 1.707995e+02 -5.013147e+01
-2.583174e+01 0.000000e+00 1.493428e+01 -4.076602e+01
5.930584e+01 0.000000e+00 1.493428e+01 4.437156e+01
3.960945e+01 0.000000e+00 9.598289e+01 -5.637344e+01
1.738705e+02 0.000000e+00 9.598289e+01 7.788756e+01
1.826968e+02 0.000000e+00 1.341491e+02 4.854765e+01
8.897806e+01 0.000000e+00 1.341491e+02 -4.517107e+01
-1.825706e+00 0.000000e+00 1.034506e+01 -1.217077e+01
2.543760e+01 0.000000e+00 1.034506e+01 1.509253e+01
6.024629e+01 0.000000e+00 4.029733e+01 1.994896e+01
1.786365e+01 0.000000e+00 4.029733e+01 -2.243368e+01
9.537508e+00 0.000000e+00 5.136640e+01 -4.182889e+01
9.906547e+01 0.000000e+00 5.136640e+01 4.769907e+01
3.364862e+01 0.000000e+00 2.591631e+01 7.732313e+00
1.594375e+01 0.000000e+00 2.591631e+01 -9.972555e+00
