1.236713e+02 0.000000e+00 6.536018e+01 5.831110e+01
-1.257996e+00 0.000000e+00 6.536018e+01 -6.661817e+01
2.293782e+02 0.000000e+00 1.961970e+02 3.318121e+01
1.748112e+02 0.000000e+00 1.961970e+02 -2.138573e+01
3.753299e+02 0.000000e+00 2.862401e+01 3.467059e+02
-2.824415e+02 0.000000e+00 2.862401e+01 -3.110655e+02
6.757363e+02 0.000000e+00 6.632567e+02 1.247968e+01
6.407280e+02 0.000000e+00 6.632567e+02 -2.252869e+01
6.184515e+01 0.000000e+00 2.742283e+02 -2.123831e+02
5.123939e+02 0.000000e+00 2.742283e+02 2.381656e+02
1.779512e+02 0.000000e+00 1.492882e+02 2.866302e+01
1.207965e+02 0.000000e+00 1.492882e+02 -2.849172e+01
4.988626e+02 5.120938e+02 5.120938e+02 4.988626e+02
5.232831e+02 5.120938e+02 5.120938e+02 5.232831e+02
1.875346e+02 0.000000e+00 2.152329e+02 -2.769827e+01
2.364092e+02 0.000000e+00 2.152329e+02 2.117635e+01
1.500945e+02 0.000000e+00 5.264620e+01 9.744835e+01
-3.505334e+01 0.000000e+00 5.264620e+01 -8.769954e+01
7.371960e+01 0.000000e+00 8.455069e+01 -1.083109e+01
9.182373e+01 0.000000e+00 8.455069e+01 7.273041e+00
2.759743e+02 0.000000e+00 1.976061e+02 7.836816e+01
1.435447e+02 0.000000e+00 1.976061e+02 -5.406140e+01
8.185665e+02 0.000000e+00 5.792490e+02 2.393174e+02
2.139784e+02 0.000000e+00 5.792490e+02 -3.652706e+02
1.586834e+01 0.000000e+00 7.857980e+01 -6.271146e+01
1.268041e+02 0.000000e+00 7.857980e+01 4.822425e+01
1.904604e+02 0.000000e+00 1.535638e+02 3.689661e+01
1.206078e+02 0.000000e+00 1.535638e+02 -3.295599e+01
2.971376e+02 0.000000e+00 3.435140e+02 -4.637643e+01
3.915509e+02 0.000000e+00 3.435140e+02 4.803690e+01
1.683011e+02 0.000000e+00 1.383507e+02 2.995035e+01
1.122606e+02 0.000000e+00 1.383507e+02 -2.609016e+01
-1.009815e+02 0.000000e+00 -6.018089e+01 -4.080057e+01
-2.994629e+01 0.000000e+00 -6.018089e+01 3.023460e+01
3.687778e+02 0.000000e+00 3.095184e+02 5.925943e+01
2.289369e+02 0.000000e+00 3.095184e+02 -8.058154e+01
3.719321e+02 0.000000e+00 2.130109e+02 1.589212e+02
1.255626e+02 0.000000e+00 2.130109e+02 -8.744829e+01
4.043840e+01 0.000000e+00 2.839541e+00 3.759886e+01
-4.872507e+01 0.000000e+00 2.839541e+00 -5.156461e+01
2.214745e+01 0.000000e+00 9.048610e+00 1.309884e+01
-6.353626e+00 0.000000e+00 9.048610e+00 -1.540224e+01
1.361927e+02 0.000000e+00 7.027724e+01 6.591547e+01
2.014997e+01 0.000000e+00 7.027724e+01 -5.012726e+01
5.366539e+01 0.000000e+00 3.855854e+01 1.510685e+01
2.387038e+01 0.000000e+00 3.855854e+01 -1.468816e+01
-6.753471e+01 0.000000e+00 -7.725132e+01 9.716606e+00
-8.764084e+01 0.000000e+00 -7.725132e+01 -1.038952e+01
-7.138421e+01 0.000000e+00 2.978738e+01 -1.011716e+02
1.454534e+02 0.000000e+00 2.978738e+01 1.156660e+02
5.163702e+02 0.000000e+00 4.229662e+02 9.340396e+01
3.362923e+02 0.000000e+00 4.229662e+02 -8.667389e+01
