8.576526e+01 0.000000e+00 -3.588954e+01 1.216548e+02
-1.486246e+02 0.000000e+00 -3.588954e+01 -1.127351e+02
7.790573e+01 0.000000e+00 3.056375e+01 4.734198e+01
-1.555339e+01 0.000000e+00 3.056375e+01 -4.611714e+01
6.466203e+01 0.000000e+00 4.547232e+01 1.918970e+01
3.304115e+01 0.000000e+00 4.547232e+01 -1.243117e+01
2.290485e+02 0.000000e+00 1.445809e+02 8.446754e+01
6.381433e+01 0.000000e+00 1.445809e+02 -8.076662e+01
7.674723e+01 0.000000e+00 2.128595e+02 -1.361123e+02
3.429014e+02 0.000000e+00 2.128595e+02 1.300418e+02
1.144712e+02 0.000000e+00 9.051361e+01 2.395754e+01
6.630434e+01 0.000000e+00 9.051361e+01 -2.420927e+01
-3.014619e+01 0.000000e+00 -2.041992e+01 -9.726276e+00
-1.067029e+01 0.000000e+00 -2.041992e+01 9.749630e+00
6.324359e+01 0.000000e+00 5.918460e+01 4.058987e+00
5.516407e+01 0.000000e+00 5.918460e+01 -4.020538e+00
1.385314e+02 0.000000e+00 7.988750e+01 5.864385e+01
2.366077e+01 0.000000e+00 7.988750e+01 -5.622674e+01
1.018476e+02 0.000000e+00 1.028929e+02 -1.045319e+00
1.039104e+02 0.000000e+00 1.028929e+02 1.017532e+00
1.693239e+02 0.000000e+00 8.417760e+01 8.514626e+01
2.113782e+01 0.000000e+00 8.417760e+01 -6.303978e+01
1.151132e+02 0.000000e+00 1.461066e+01 1.005025e+02
-1.094422e+02 0.000000e+00 1.461066e+01 -1.240529e+02
1.964572e+02 0.000000e+00 1.616223e+02 3.483492e+01
1.227484e+02 0.000000e+00 1.616223e+02 -3.887392e+01
1.245618e+02 0.000000e+00 9.315215e+01 3.140966e+01
6.209074e+01 0.000000e+00 9.315215e+01 -3.106141e+01
1.172601e+02 0.000000e+00 9.393207e+01 2.332802e+01
7.257089e+01 0.000000e+00 9.393207e+01 -2.136118e+01
1.097101e+02 0.000000e+00 3.953354e+01 7.017659e+01
-2.899908e+01 0.000000e+00 3.953354e+01 -6.853262e+01
1.133922e+02 0.000000e+00 1.436352e+02 -3.024301e+01
1.675722e+02 0.000000e+00 1.436352e+02 2.393701e+01
1.744285e+00 0.000000e+00 -1.993509e+00 3.737794e+00
-7.520874e+00 0.000000e+00 -1.993509e+00 -5.527365e+00
3.024694e+02 0.000000e+00 2.277738e+02 7.469559e+01
1.963696e+02 0.000000e+00 2.277738e+02 -3.140419e+01
8.464607e+02 7.443710e+02 7.443710e+02 8.464607e+02
6.197745e+02 7.443710e+02 7.443710e+02 6.197745e+02
1.704236e+02 0.000000e+00 1.764225e+02 -5.998901e+00
1.821514e+02 0.000000e+00 1.764225e+02 5.728912e+00
1.617251e+02 0.000000e+00 7.958400e+01 8.214113e+01
1.764397e+01 0.000000e+00 7.958400e+01 -6.194003e+01
4.772060e+01 0.000000e+00 3.089123e+01 1.682938e+01
2.479048e+00 0.000000e+00 3.089123e+01 -2.841218e+01
-5.761548e+01 0.000000e+00 2.542129e+01 -8.303676e+01
1.123623e+02 0.000000e+00 2.542129e+01 8.694105e+01
-3.315732e+01 0.000000e+00 -3.673824e+01 3.580925e+00
-4.162231e+01 0.000000e+00 -3.673824e+01 -4.884064e+00
-2.094298e+00 0.000000e+00 1.091587e+01 -1.301017e+01
2.394604e+01 0.000000e+00 1.091587e+01 1.303017e+01
