5.291058e+01 0.000000e+00 2.007781e+01 3.283277e+01
-1.189764e+01 0.000000e+00 2.007781e+01 -3.197545e+01
1.506667e+02 0.000000e+00 1.329521e+02 1.771467e+01
1.159582e+02 0.000000e+00 1.329521e+02 -1.699387e+01
1.974311e+01 0.000000e+00 -1.819297e+01 3.793608e+01
-5.259939e+01 0.000000e+00 -1.819297e+01 -3.440642e+01
1.604489e+02 0.000000e+00 1.173520e+02 4.309692e+01
6.792195e+01 0.000000e+00 1.173520e+02 -4.943002e+01
1.919149e+02 2.629499e+02 2.629499e+02 1.919149e+02
3.433761e+02 2.629499e+02 2.629499e+02 3.433761e+02
8.319752e+01 0.000000e+00 5.321587e+01 2.998165e+01
2.087546e+01 0.000000e+00 5.321587e+01 -3.234041e+01
4.845050e+01 0.000000e+00 6.195760e+01 -1.350711e+01
7.497697e+01 0.000000e+00 6.195760e+01 1.301937e+01
7.845732e+01 0.000000e+00 4.955710e+01 2.890022e+01
1.819362e+01 0.000000e+00 4.955710e+01 -3.136348e+01
1.050526e+02 0.000000e+00 1.009064e+02 4.146209e+00
9.629159e+01 0.000000e+00 1.009064e+02 -4.614795e+00
4.800408e+01 0.000000e+00 9.157709e+01 -4.357301e+01
1.258812e+02 0.000000e+00 9.157709e+01 3.430416e+01
1.566419e+02 0.000000e+00 1.128472e+02 4.379470e+01
7.593344e+01 0.000000e+00 1.128472e+02 -3.691372e+01
1.541253e+02 0.000000e+00 1.378897e+02 1.623554e+01
1.215860e+02 0.000000e+00 1.378897e+02 -1.630371e+01
1.095504e+02 0.000000e+00 1.143026e+02 -4.752256e+00
1.192745e+02 0.000000e+00 1.143026e+02 4.971833e+00
6.562799e+01 0.000000e+00 6.677164e+01 -1.143652e+00
6.871693e+01 0.000000e+00 6.677164e+01 1.945288e+00
2.247329e+02 0.000000e+00 2.144352e+02 1.029766e+01
2.039757e+02 0.000000e+00 2.144352e+02 -1.045947e+01
5.973329e+01 0.000000e+00 6.233508e+01 -2.601783e+00
6.425897e+01 0.000000e+00 6.233508e+01 1.923894e+00
1.455814e+02 0.000000e+00 1.289352e+02 1.664620e+01
1.164585e+02 0.000000e+00 1.289352e+02 -1.247675e+01
5.044994e+01 0.000000e+00 5.024270e+01 2.072436e-01
4.935160e+01 0.000000e+00 5.024270e+01 -8.910974e-01
2.111534e+02 0.000000e+00 1.602367e+02 5.091668e+01
1.380051e+02 0.000000e+00 1.602367e+02 -2.223161e+01
1.065763e+02 0.000000e+00 8.824354e+01 1.833272e+01
6.731050e+01 0.000000e+00 8.824354e+01 -2.093304e+01
1.557867e+02 0.000000e+00 1.430115e+02 1.277522e+01
1.312024e+02 0.000000e+00 1.430115e+02 -1.180913e+01
1.029349e+02 0.000000e+00 5.252552e+01 5.040935e+01
5.706735e+00 0.000000e+00 5.252552e+01 -4.681879e+01
2.029076e+01 0.000000e+00 3.067571e+01 -1.038495e+01
4.228118e+01 0.000000e+00 3.067571e+01 1.160547e+01
7.760136e+01 0.000000e+00 8.261161e+01 -5.010250e+00
8.813861e+01 0.000000e+00 8.261161e+01 5.526999e+00
2.949418e+01 0.000000e+00 4.759001e+01 -1.809583e+01
7.121342e+01 0.000000e+00 4.759001e+01 2.362341e+01
8.415573e+01 0.000000e+00 5.625047e+01 2.790526e+01
2.703122e+01 0.000000e+00 5.625047e+01 -2.921925e+01
