9.268711e+01 0.000000e+00 3.908348e+01 5.360363e+01
-1.937159e+01 0.000000e+00 3.908348e+01 -5.845507e+01
2.370428e+02 0.000000e+00 2.109221e+02 2.612065e+01
1.891323e+02 0.000000e+00 2.109221e+02 -2.178985e+01
3.323047e+02 2.812581e+02 2.812581e+02 3.323047e+02
2.315503e+02 2.812581e+02 2.812581e+02 2.315503e+02
3.432926e+02 0.000000e+00 2.908815e+02 5.241114e+01
2.253903e+02 0.000000e+00 2.908815e+02 -6.549114e+01
1.826280e+02 0.000000e+00 2.163518e+02 -3.372375e+01
2.526212e+02 0.000000e+00 2.163518e+02 3.626941e+01
1.859336e+02 0.000000e+00 1.625560e+02 2.337757e+01
1.392319e+02 0.000000e+00 1.625560e+02 -2.332407e+01
1.182397e+02 0.000000e+00 9.793946e+01 2.030022e+01
7.643869e+01 0.000000e+00 9.793946e+01 -2.150077e+01
2.007703e+02 0.000000e+00 1.687029e+02 3.206739e+01
1.333890e+02 0.000000e+00 1.687029e+02 -3.531390e+01
2.505547e+02 0.000000e+00 2.218747e+02 2.867998e+01
1.906941e+02 0.000000e+00 2.218747e+02 -3.118065e+01
2.498206e+01 0.000000e+00 8.003117e+01 -5.504911e+01
1.198694e+02 0.000000e+00 8.003117e+01 3.983821e+01
2.323041e+02 0.000000e+00 1.905111e+02 4.179302e+01
1.553099e+02 0.000000e+00 1.905111e+02 -3.520117e+01
1.829699e+02 0.000000e+00 1.805989e+02 2.371016e+00
1.781089e+02 0.000000e+00 1.805989e+02 -2.490034e+00
1.869876e+02 0.000000e+00 1.813147e+02 5.672967e+00
1.766303e+02 0.000000e+00 1.813147e+02 -4.684391e+00
2.565899e+02 0.000000e+00 2.263539e+02 3.023600e+01
1.947531e+02 0.000000e+00 2.263539e+02 -3.160073e+01
4.190264e+02 0.000000e+00 3.838905e+02 3.513584e+01
3.453420e+02 0.000000e+00 3.838905e+02 -3.854855e+01
1.354587e+02 0.000000e+00 1.304626e+02 4.996078e+00
1.253328e+02 0.000000e+00 1.304626e+02 -5.129789e+00
1.810777e+02 0.000000e+00 1.140022e+02 6.707554e+01
4.728965e+01 0.000000e+00 1.140022e+02 -6.671252e+01
4.125219e+01 0.000000e+00 3.040226e+01 1.084993e+01
1.713614e+01 0.000000e+00 3.040226e+01 -1.326612e+01
2.153857e+02 0.000000e+00 2.223928e+02 -7.007073e+00
2.239344e+02 0.000000e+00 2.223928e+02 1.541583e+00
1.508557e+02 0.000000e+00 1.382326e+02 1.262309e+01
1.232771e+02 0.000000e+00 1.382326e+02 -1.495548e+01
2.882076e+02 0.000000e+00 3.133975e+02 -2.518986e+01
3.417491e+02 0.000000e+00 3.133975e+02 2.835161e+01
1.812163e+02 0.000000e+00 1.019363e+02 7.928003e+01
3.440851e+01 0.000000e+00 1.019363e+02 -6.752779e+01
1.063702e+02 0.000000e+00 9.904488e+01 7.325352e+00
9.086762e+01 0.000000e+00 9.904488e+01 -8.177263e+00
1.456410e+02 0.000000e+00 1.525237e+02 -6.882729e+00
1.589344e+02 0.000000e+00 1.525237e+02 6.410728e+00
8.891174e+01 0.000000e+00 1.536968e+02 -6.478506e+01
2.343333e+02 0.000000e+00 1.536968e+02 8.063647e+01
1.749469e+02 0.000000e+00 1.339010e+02 4.104591e+01
9.164123e+01 0.000000e+00 1.339010e+02 -4.225980e+01
