1.272883e+02 0.000000e+00 5.656054e+01 7.072771e+01
-1.358066e+01 0.000000e+00 5.656054e+01 -7.014120e+01
1.753771e+02 0.000000e+00 1.581195e+02 1.725769e+01
1.448128e+02 0.000000e+00 1.581195e+02 -1.330664e+01
3.898660e+01 0.000000e+00 4.055711e+01 -1.570508e+00
4.153857e+01 0.000000e+00 4.055711e+01 9.814545e-01
2.502422e+02 0.000000e+00 1.871884e+02 6.305375e+01
1.073024e+02 0.000000e+00 1.871884e+02 -7.988600e+01
1.827250e+02 0.000000e+00 2.201510e+02 -3.742606e+01
2.595043e+02 0.000000e+00 2.201510e+02 3.935321e+01
1.735349e+02 0.000000e+00 1.583286e+02 1.520624e+01
1.428342e+02 0.000000e+00 1.583286e+02 -1.549440e+01
1.213143e+02 0.000000e+00 1.055924e+02 1.572186e+01
8.911427e+01 0.000000e+00 1.055924e+02 -1.647811e+01
1.909444e+02 0.000000e+00 1.467477e+02 4.419668e+01
1.009372e+02 0.000000e+00 1.467477e+02 -4.581047e+01
1.479803e+02 0.000000e+00 1.412447e+02 6.735549e+00
1.346789e+02 0.000000e+00 1.412447e+02 -6.565802e+00
3.574852e+01 0.000000e+00 9.800855e+01 -6.226003e+01
1.456803e+02 0.000000e+00 9.800855e+01 4.767178e+01
1.877429e+02 0.000000e+00 1.604118e+02 2.733116e+01
1.357698e+02 0.000000e+00 1.604118e+02 -2.464199e+01
1.856894e+02 0.000000e+00 1.859460e+02 -2.566524e-01
1.844747e+02 0.000000e+00 1.859460e+02 -1.471351e+00
2.441520e+02 0.000000e+00 2.583839e+02 -1.423190e+01
2.731390e+02 0.000000e+00 2.583839e+02 1.475507e+01
1.411451e+02 0.000000e+00 1.490337e+02 -7.888585e+00
1.570558e+02 0.000000e+00 1.490337e+02 8.022074e+00
3.417994e+02 0.000000e+00 3.201359e+02 2.166346e+01
2.974454e+02 0.000000e+00 3.201359e+02 -2.269052e+01
1.436818e+02 0.000000e+00 1.341394e+02 9.542425e+00
1.256025e+02 0.000000e+00 1.341394e+02 -8.536963e+00
2.579333e+02 0.000000e+00 2.075822e+02 5.035109e+01
1.592657e+02 0.000000e+00 2.075822e+02 -4.831649e+01
1.135323e+02 0.000000e+00 1.136233e+02 -9.100330e-02
1.106544e+02 0.000000e+00 1.136233e+02 -2.968879e+00
3.213993e+02 0.000000e+00 2.661688e+02 5.523040e+01
2.402239e+02 0.000000e+00 2.661688e+02 -2.594490e+01
1.394584e+02 0.000000e+00 1.131245e+02 2.633387e+01
8.434031e+01 0.000000e+00 1.131245e+02 -2.878420e+01
1.702304e+02 0.000000e+00 2.068959e+02 -3.666549e+01
2.428562e+02 0.000000e+00 2.068959e+02 3.596032e+01
1.813597e+02 0.000000e+00 1.515240e+02 2.983575e+01
1.256113e+02 0.000000e+00 1.515240e+02 -2.591270e+01
6.915772e+01 0.000000e+00 5.576080e+01 1.339691e+01
3.590969e+01 0.000000e+00 5.576080e+01 -1.985111e+01
1.625149e+02 0.000000e+00 1.535788e+02 8.936115e+00
1.437143e+02 0.000000e+00 1.535788e+02 -9.864506e+00
2.304201e+02 2.615452e+02 2.615452e+02 2.304201e+02
2.972771e+02 2.615452e+02 2.615452e+02 2.972771e+02
1.162392e+02 0.000000e+00 1.034688e+02 1.277031e+01
8.988306e+01 0.000000e+00 1.034688e+02 -1.358579e+01
