2.251012e+02 0.000000e+00 1.314979e+02 9.360329e+01
5.874815e+01 0.000000e+00 1.314979e+02 -7.274979e+01
1.459509e+02 0.000000e+00 1.052097e+02 4.074114e+01
7.207655e+01 0.000000e+00 1.052097e+02 -3.313316e+01
4.135690e+01 0.000000e+00 3.838800e+01 2.968891e+00
3.556891e+01 0.000000e+00 3.838800e+01 -2.819092e+00
3.143074e+02 0.000000e+00 2.571866e+02 5.712079e+01
1.669028e+02 0.000000e+00 2.571866e+02 -9.028384e+01
2.333297e+02 0.000000e+00 3.204342e+02 -8.710448e+01
4.147799e+02 0.000000e+00 3.204342e+02 9.434567e+01
1.647661e+02 0.000000e+00 1.764412e+02 -1.167514e+01
1.907762e+02 0.000000e+00 1.764412e+02 1.433496e+01
1.601272e+02 0.000000e+00 1.443120e+02 1.581511e+01
1.266075e+02 0.000000e+00 1.443120e+02 -1.770456e+01
2.412995e+02 0.000000e+00 1.589958e+02 8.230365e+01
7.011617e+01 0.000000e+00 1.589958e+02 -8.887965e+01
1.807148e+02 0.000000e+00 1.919456e+02 -1.123082e+01
2.032682e+02 0.000000e+00 1.919456e+02 1.132259e+01
8.307767e+01 0.000000e+00 2.342816e+02 -1.512039e+02
3.098011e+02 0.000000e+00 2.342816e+02 7.551945e+01
3.738695e+02 0.000000e+00 2.880879e+02 8.578159e+01
2.151105e+02 0.000000e+00 2.880879e+02 -7.297739e+01
2.083954e+02 0.000000e+00 2.598870e+02 -5.149162e+01
3.292281e+02 0.000000e+00 2.598870e+02 6.934106e+01
4.473970e+02 0.000000e+00 4.955223e+02 -4.812524e+01
5.502415e+02 0.000000e+00 4.955223e+02 5.471918e+01
1.607529e+02 0.000000e+00 1.751659e+02 -1.441306e+01
1.907122e+02 0.000000e+00 1.751659e+02 1.554634e+01
5.104381e+02 0.000000e+00 5.367485e+02 -2.631036e+01
5.718837e+02 0.000000e+00 5.367485e+02 3.513519e+01
3.798251e+02 0.000000e+00 3.360619e+02 4.376315e+01
2.915993e+02 0.000000e+00 3.360619e+02 -4.446259e+01
3.369849e+02 0.000000e+00 3.042255e+02 3.275934e+01
2.697261e+02 0.000000e+00 3.042255e+02 -3.449942e+01
2.287716e+02 0.000000e+00 2.742985e+02 -4.552696e+01
3.210644e+02 0.000000e+00 2.742985e+02 4.676584e+01
3.729899e+02 0.000000e+00 3.575655e+02 1.542444e+01
3.493210e+02 0.000000e+00 3.575655e+02 -8.244507e+00
1.829208e+02 0.000000e+00 1.107262e+02 7.219456e+01
4.151179e+01 0.000000e+00 1.107262e+02 -6.921446e+01
1.328412e+02 0.000000e+00 1.886666e+02 -5.582533e+01
2.332074e+02 0.000000e+00 1.886666e+02 4.454083e+01
1.566063e+02 0.000000e+00 1.705993e+02 -1.399300e+01
1.834289e+02 0.000000e+00 1.705993e+02 1.282957e+01
1.034226e+02 0.000000e+00 8.842824e+01 1.499432e+01
6.628818e+01 0.000000e+00 8.842824e+01 -2.214006e+01
1.397729e+02 0.000000e+00 1.445417e+02 -4.768738e+00
1.492212e+02 0.000000e+00 1.445417e+02 4.679520e+00
3.830318e+02 4.858041e+02 4.858041e+02 3.830318e+02
5.774859e+02 4.858041e+02 4.858041e+02 5.774859e+02
1.743987e+02 0.000000e+00 1.782264e+02 -3.827652e+00
1.814374e+02 0.000000e+00 1.782264e+02 3.211044e+00
