2.329268e+01 0.000000e+00 6.763480e+01 -4.434212e+01
1.142186e+02 0.000000e+00 6.763480e+01 4.658381e+01
1.370996e+02 0.000000e+00 1.296428e+02 7.456848e+00
1.216423e+02 0.000000e+00 1.296428e+02 -8.000511e+00
2.970015e+01 0.000000e+00 -3.699616e+01 6.669631e+01
-8.793440e+01 0.000000e+00 -3.699616e+01 -5.093824e+01
1.002701e+02 0.000000e+00 1.138999e+02 -1.362983e+01
1.300298e+02 0.000000e+00 1.138999e+02 1.612989e+01
1.568533e+02 0.000000e+00 1.624129e+02 -5.559662e+00
1.695827e+02 0.000000e+00 1.624129e+02 7.169800e+00
7.486395e+01 0.000000e+00 8.311660e+01 -8.252647e+00
8.928289e+01 0.000000e+00 8.311660e+01 6.166290e+00
6.326256e+01 0.000000e+00 3.074500e+01 3.251756e+01
-2.426907e+00 0.000000e+00 3.074500e+01 -3.317191e+01
6.344048e+01 0.000000e+00 1.313787e+00 6.212669e+01
-6.491880e+01 0.000000e+00 1.313787e+00 -6.623259e+01
2.978595e+01 0.000000e+00 8.837343e+01 -5.858748e+01
1.356700e+02 0.000000e+00 8.837343e+01 4.729655e+01
1.119847e+02 0.000000e+00 1.532818e+02 -4.129709e+01
1.849396e+02 0.000000e+00 1.532818e+02 3.165778e+01
2.290008e+02 0.000000e+00 1.416114e+02 8.738933e+01
8.332140e+01 0.000000e+00 1.416114e+02 -5.829004e+01
2.708118e+02 0.000000e+00 2.161889e+02 5.462289e+01
1.589332e+02 0.000000e+00 2.161889e+02 -5.725569e+01
2.196394e+02 0.000000e+00 1.919497e+02 2.768967e+01
1.600781e+02 0.000000e+00 1.919497e+02 -3.187157e+01
1.760159e+02 0.000000e+00 1.587853e+02 1.723055e+01
1.423652e+02 0.000000e+00 1.587853e+02 -1.642009e+01
1.553117e+02 0.000000e+00 1.435133e+02 1.179845e+01
1.319784e+02 0.000000e+00 1.435133e+02 -1.153485e+01
1.244660e+02 0.000000e+00 1.700982e+02 -4.563226e+01
2.135705e+02 0.000000e+00 1.700982e+02 4.347229e+01
3.208717e+02 0.000000e+00 2.410832e+02 7.978850e+01
1.825710e+02 0.000000e+00 2.410832e+02 -5.851213e+01
2.665565e+01 0.000000e+00 1.923441e+01 7.421244e+00
1.283615e+01 0.000000e+00 1.923441e+01 -6.398262e+00
1.067567e+02 0.000000e+00 7.565876e+01 3.109789e+01
5.811392e+01 0.000000e+00 7.565876e+01 -1.754484e+01
9.777322e+01 0.000000e+00 5.129147e+01 4.648175e+01
9.204781e+00 0.000000e+00 5.129147e+01 -4.208669e+01
1.296316e+02 0.000000e+00 1.384844e+02 -8.852829e+00
1.463640e+02 0.000000e+00 1.384844e+02 7.879578e+00
5.489676e+02 5.046824e+02 5.046824e+02 5.489676e+02
4.605256e+02 5.046824e+02 5.046824e+02 4.605256e+02
9.689667e+01 0.000000e+00 1.746050e+02 -7.770831e+01
2.512059e+02 0.000000e+00 1.746050e+02 7.660089e+01
2.503659e+02 0.000000e+00 2.060141e+02 4.435178e+01
1.560737e+02 0.000000e+00 2.060141e+02 -4.994038e+01
8.820679e+00 0.000000e+00 4.067374e+01 -3.185306e+01
7.948071e+01 0.000000e+00 4.067374e+01 3.880697e+01
8.848717e+01 0.000000e+00 6.234551e+01 2.614166e+01
3.471206e+01 0.000000e+00 6.234551e+01 -2.763345e+01
