4.977077e+01 0.000000e+00 5.243421e+00 4.452735e+01
-4.061566e+01 0.000000e+00 5.243421e+00 -4.585908e+01
1.703090e+02 0.000000e+00 1.494392e+02 2.086981e+01
1.316800e+02 0.000000e+00 1.494392e+02 -1.775926e+01
3.758672e+01 0.000000e+00 1.253205e+01 2.505467e+01
-1.098888e+01 0.000000e+00 1.253205e+01 -2.352093e+01
2.619619e+02 0.000000e+00 2.179017e+02 4.406023e+01
1.617355e+02 0.000000e+00 2.179017e+02 -5.616618e+01
1.047942e+02 0.000000e+00 1.627266e+02 -5.793240e+01
2.293882e+02 0.000000e+00 1.627266e+02 6.666164e+01
9.278547e+01 0.000000e+00 8.361206e+01 9.173409e+00
7.416945e+01 0.000000e+00 8.361206e+01 -9.442617e+00
8.853258e+01 0.000000e+00 8.145044e+01 7.082137e+00
7.382110e+01 0.000000e+00 8.145044e+01 -7.629340e+00
2.769754e+02 2.578665e+02 2.578665e+02 2.769754e+02
2.366560e+02 2.578665e+02 2.578665e+02 2.366560e+02
1.428794e+02 0.000000e+00 1.340698e+02 8.809668e+00
1.247261e+02 0.000000e+00 1.340698e+02 -9.343690e+00
7.561327e+01 0.000000e+00 1.272094e+02 -5.159614e+01
1.675736e+02 0.000000e+00 1.272094e+02 4.036423e+01
1.686910e+02 0.000000e+00 1.423750e+02 2.631594e+01
1.185669e+02 0.000000e+00 1.423750e+02 -2.380816e+01
1.882097e+02 0.000000e+00 1.776128e+02 1.059689e+01
1.666340e+02 0.000000e+00 1.776128e+02 -1.097877e+01
1.770112e+02 0.000000e+00 1.740202e+02 2.990987e+00
1.709557e+02 0.000000e+00 1.740202e+02 -3.064512e+00
1.224485e+02 0.000000e+00 1.235421e+02 -1.093549e+00
1.224467e+02 0.000000e+00 1.235421e+02 -1.095394e+00
2.683397e+02 0.000000e+00 2.531293e+02 1.521041e+01
2.371564e+02 0.000000e+00 2.531293e+02 -1.597291e+01
1.408311e+02 0.000000e+00 1.405067e+02 3.244322e-01
1.399489e+02 0.000000e+00 1.405067e+02 -5.577529e-01
1.938615e+02 0.000000e+00 1.551850e+02 3.867647e+01
1.207992e+02 0.000000e+00 1.551850e+02 -3.438586e+01
1.184328e+02 0.000000e+00 7.502251e+01 4.341030e+01
2.792845e+01 0.000000e+00 7.502251e+01 -4.709406e+01
2.014433e+02 0.000000e+00 1.870281e+02 1.441523e+01
1.823812e+02 0.000000e+00 1.870281e+02 -4.646897e+00
1.216139e+02 0.000000e+00 1.105549e+02 1.105905e+01
9.862035e+01 0.000000e+00 1.105549e+02 -1.193451e+01
1.989288e+02 0.000000e+00 2.168600e+02 -1.793126e+01
2.375658e+02 0.000000e+00 2.168600e+02 2.070580e+01
1.418918e+02 0.000000e+00 9.239266e+01 4.949912e+01
4.681694e+01 0.000000e+00 9.239266e+01 -4.557572e+01
6.493415e+01 0.000000e+00 6.876624e+01 -3.832088e+00
7.155215e+01 0.000000e+00 6.876624e+01 2.785905e+00
8.583631e+01 0.000000e+00 8.720742e+01 -1.371107e+00
8.574640e+01 0.000000e+00 8.720742e+01 -1.461019e+00
5.369685e+01 0.000000e+00 8.460768e+01 -3.091083e+01
1.268849e+02 0.000000e+00 8.460768e+01 4.227721e+01
7.936565e+01 0.000000e+00 6.633346e+01 1.303219e+01
5.325854e+01 0.000000e+00 6.633346e+01 -1.307492e+01
