4.411676e+01 0.000000e+00 7.192051e+00 3.692471e+01
-2.828117e+01 0.000000e+00 7.192051e+00 -3.547322e+01
1.303412e+02 0.000000e+00 1.071590e+02 2.318217e+01
8.467574e+01 0.000000e+00 1.071590e+02 -2.248325e+01
3.397094e+00 0.000000e+00 -3.673257e+01 4.012966e+01
-7.554486e+01 0.000000e+00 -3.673257e+01 -3.881230e+01
1.521135e+02 0.000000e+00 1.172285e+02 3.488496e+01
7.810033e+01 0.000000e+00 1.172285e+02 -3.912822e+01
7.030184e+01 0.000000e+00 1.304645e+02 -6.016265e+01
2.002630e+02 0.000000e+00 1.304645e+02 6.979851e+01
6.806516e+01 0.000000e+00 3.682558e+01 3.123958e+01
3.945743e+00 0.000000e+00 3.682558e+01 -3.287984e+01
4.791025e+01 0.000000e+00 6.016297e+01 -1.225273e+01
7.198815e+01 0.000000e+00 6.016297e+01 1.182518e+01
7.432571e+01 0.000000e+00 3.981622e+01 3.450949e+01
1.957991e+00 0.000000e+00 3.981622e+01 -3.785823e+01
1.024333e+02 0.000000e+00 9.391950e+01 8.513803e+00
8.596365e+01 0.000000e+00 9.391950e+01 -7.955846e+00
3.616732e+01 0.000000e+00 9.379455e+01 -5.762722e+01
1.394059e+02 0.000000e+00 9.379455e+01 4.561138e+01
1.425936e+02 0.000000e+00 1.033209e+02 3.927266e+01
7.067721e+01 0.000000e+00 1.033209e+02 -3.264373e+01
1.393755e+02 0.000000e+00 1.271845e+02 1.219100e+01
1.154956e+02 0.000000e+00 1.271845e+02 -1.168882e+01
9.461657e+01 0.000000e+00 1.028288e+02 -8.212212e+00
1.112651e+02 0.000000e+00 1.028288e+02 8.436303e+00
3.850082e+01 0.000000e+00 4.404120e+01 -5.540379e+00
4.973106e+01 0.000000e+00 4.404120e+01 5.689866e+00
2.319084e+02 0.000000e+00 2.272797e+02 4.628661e+00
2.229998e+02 0.000000e+00 2.272797e+02 -4.279913e+00
6.877749e+01 0.000000e+00 7.339650e+01 -4.619008e+00
7.736146e+01 0.000000e+00 7.339650e+01 3.964967e+00
1.369617e+02 0.000000e+00 1.154884e+02 2.147332e+01
9.810441e+01 0.000000e+00 1.154884e+02 -1.738395e+01
3.706986e+01 0.000000e+00 3.466978e+01 2.400078e+00
3.047026e+01 0.000000e+00 3.466978e+01 -4.199519e+00
1.666932e+02 0.000000e+00 1.340976e+02 3.259563e+01
1.179736e+02 0.000000e+00 1.340976e+02 -1.612392e+01
1.078569e+02 0.000000e+00 8.311620e+01 2.474070e+01
5.382591e+01 0.000000e+00 8.311620e+01 -2.929029e+01
2.922993e+02 2.747817e+02 2.747817e+02 2.922993e+02
2.600433e+02 2.747817e+02 2.747817e+02 2.600433e+02
9.860856e+01 0.000000e+00 4.283753e+01 5.577103e+01
-1.043928e+01 0.000000e+00 4.283753e+01 -5.327681e+01
9.497966e+00 0.000000e+00 2.314722e+01 -1.364926e+01
3.694609e+01 0.000000e+00 2.314722e+01 1.379887e+01
6.995693e+01 0.000000e+00 7.830766e+01 -8.350732e+00
8.702908e+01 0.000000e+00 7.830766e+01 8.721420e+00
7.883334e+00 0.000000e+00 2.951262e+01 -2.162929e+01
5.706808e+01 0.000000e+00 2.951262e+01 2.755546e+01
8.389031e+01 0.000000e+00 5.240013e+01 3.149018e+01
1.902222e+01 0.000000e+00 5.240013e+01 -3.337791e+01
