1.078125e+02 0.000000e+00 7.150228e+01 3.631023e+01
3.799010e+01 0.000000e+00 7.150228e+01 -3.351219e+01
1.522976e+02 0.000000e+00 1.240516e+02 2.824599e+01
9.757741e+01 0.000000e+00 1.240516e+02 -2.647424e+01
7.851531e+01 0.000000e+00 1.499957e+01 6.351574e+01
-4.848760e+01 0.000000e+00 1.499957e+01 -6.348717e+01
2.509726e+02 0.000000e+00 2.114092e+02 3.956346e+01
1.656802e+02 0.000000e+00 2.114092e+02 -4.572894e+01
1.048624e+02 0.000000e+00 1.664281e+02 -6.156573e+01
2.363136e+02 0.000000e+00 1.664281e+02 6.988547e+01
1.135112e+02 0.000000e+00 8.626658e+01 2.724466e+01
5.895382e+01 0.000000e+00 8.626658e+01 -2.731276e+01
1.060055e+02 0.000000e+00 1.082575e+02 -2.251920e+00
1.099393e+02 0.000000e+00 1.082575e+02 1.681796e+00
1.402479e+02 0.000000e+00 1.018988e+02 3.834912e+01
6.087563e+01 0.000000e+00 1.018988e+02 -4.102316e+01
1.289080e+02 0.000000e+00 1.254490e+02 3.459030e+00
1.216251e+02 0.000000e+00 1.254490e+02 -3.823893e+00
5.489623e+01 0.000000e+00 1.045858e+02 -4.968960e+01
1.422994e+02 0.000000e+00 1.045858e+02 3.771361e+01
1.421239e+02 0.000000e+00 1.066934e+02 3.543049e+01
7.586779e+01 0.000000e+00 1.066934e+02 -3.082558e+01
2.679283e+02 0.000000e+00 2.261132e+02 4.181515e+01
1.771675e+02 0.000000e+00 2.261132e+02 -4.894567e+01
1.416194e+02 0.000000e+00 1.531589e+02 -1.153950e+01
1.652965e+02 0.000000e+00 1.531589e+02 1.213760e+01
1.026468e+02 0.000000e+00 1.064156e+02 -3.768809e+00
1.110144e+02 0.000000e+00 1.064156e+02 4.598777e+00
3.058010e+02 0.000000e+00 3.004686e+02 5.332453e+00
2.950570e+02 0.000000e+00 3.004686e+02 -5.411585e+00
1.161955e+02 0.000000e+00 1.206254e+02 -4.429853e+00
1.235025e+02 0.000000e+00 1.206254e+02 2.877141e+00
1.819367e+02 0.000000e+00 1.528456e+02 2.909114e+01
1.287346e+02 0.000000e+00 1.528456e+02 -2.411099e+01
1.165112e+02 0.000000e+00 9.766679e+01 1.884441e+01
7.745608e+01 0.000000e+00 9.766679e+01 -2.021071e+01
1.356413e+02 0.000000e+00 1.435077e+02 -7.866331e+00
1.451094e+02 0.000000e+00 1.435077e+02 1.601733e+00
1.430776e+02 0.000000e+00 1.099610e+02 3.311660e+01
7.416799e+01 0.000000e+00 1.099610e+02 -3.579301e+01
1.794273e+02 0.000000e+00 1.839556e+02 -4.528293e+00
1.897340e+02 0.000000e+00 1.839556e+02 5.778478e+00
1.580590e+02 0.000000e+00 9.007923e+01 6.797980e+01
2.932440e+01 0.000000e+00 9.007923e+01 -6.075483e+01
6.188256e+01 0.000000e+00 7.126096e+01 -9.378399e+00
7.960625e+01 0.000000e+00 7.126096e+01 8.345294e+00
1.197952e+02 0.000000e+00 1.164765e+02 3.318759e+00
1.125407e+02 0.000000e+00 1.164765e+02 -3.935730e+00
3.877980e+01 0.000000e+00 5.684281e+01 -1.806300e+01
7.876946e+01 0.000000e+00 5.684281e+01 2.192666e+01
3.087342e+02 2.638762e+02 2.638762e+02 3.087342e+02
2.208949e+02 2.638762e+02 2.638762e+02 2.208949e+02
