3.158980e+02 0.000000e+00 2.592514e+02 5.664661e+01
2.158954e+02 0.000000e+00 2.592514e+02 -4.335600e+01
3.604245e+02 0.000000e+00 2.650607e+02 9.536386e+01
1.463450e+02 0.000000e+00 2.650607e+02 -1.187157e+02
-1.058932e+02 0.000000e+00 -7.115008e+01 -3.474313e+01
-3.729453e+01 0.000000e+00 -7.115008e+01 3.385555e+01
3.559899e+02 0.000000e+00 3.350182e+02 2.097162e+01
3.103228e+02 0.000000e+00 3.350182e+02 -2.469540e+01
1.124978e+02 0.000000e+00 2.437991e+02 -1.313013e+02
4.055269e+02 0.000000e+00 2.437991e+02 1.617278e+02
-2.053436e+02 0.000000e+00 -1.388913e+02 -6.645230e+01
-6.850002e+01 0.000000e+00 -1.388913e+02 7.039127e+01
3.540007e+02 0.000000e+00 3.496844e+02 4.316376e+00
3.450909e+02 0.000000e+00 3.496844e+02 -4.593506e+00
6.686031e+02 0.000000e+00 4.982579e+02 1.703452e+02
3.336716e+02 0.000000e+00 4.982579e+02 -1.645863e+02
1.127560e+02 0.000000e+00 1.185687e+02 -5.812668e+00
1.239899e+02 0.000000e+00 1.185687e+02 5.421227e+00
1.579234e+02 0.000000e+00 1.860421e+02 -2.811867e+01
2.069027e+02 0.000000e+00 1.860421e+02 2.086064e+01
2.214909e+02 0.000000e+00 1.606849e+02 6.080594e+01
1.148722e+02 0.000000e+00 1.606849e+02 -4.581274e+01
7.496699e+02 0.000000e+00 5.270021e+02 2.226678e+02
2.171215e+02 0.000000e+00 5.270021e+02 -3.098806e+02
3.670705e+01 0.000000e+00 4.061345e+01 -3.906391e+00
4.387514e+01 0.000000e+00 4.061345e+01 3.261692e+00
5.173363e+01 0.000000e+00 3.502033e+01 1.671329e+01
1.749594e+01 0.000000e+00 3.502033e+01 -1.752439e+01
2.469878e+02 0.000000e+00 2.521464e+02 -5.158600e+00
2.587377e+02 0.000000e+00 2.521464e+02 6.591232e+00
2.009599e+01 0.000000e+00 4.864670e+01 -2.855072e+01
7.023833e+01 0.000000e+00 4.864670e+01 2.159163e+01
1.304133e+02 0.000000e+00 1.261594e+02 4.253899e+00
1.219874e+02 0.000000e+00 1.261594e+02 -4.171967e+00
8.080177e+01 0.000000e+00 8.036678e+01 4.349976e-01
7.995252e+01 0.000000e+00 8.036678e+01 -4.142532e-01
-6.600647e+01 0.000000e+00 1.180354e+02 -1.840419e+02
1.776225e+02 0.000000e+00 1.180354e+02 5.958710e+01
2.354688e+02 0.000000e+00 1.767390e+02 5.872980e+01
1.232469e+02 0.000000e+00 1.767390e+02 -5.349212e+01
-7.106976e+01 0.000000e+00 -1.197629e+02 4.869312e+01
-1.954698e+02 0.000000e+00 -1.197629e+02 -7.570689e+01
7.181241e+01 0.000000e+00 -5.682487e+01 1.286373e+02
-1.265686e+02 0.000000e+00 -5.682487e+01 -6.974369e+01
2.056024e+02 0.000000e+00 2.849744e+02 -7.937198e+01
3.528025e+02 0.000000e+00 2.849744e+02 6.782803e+01
9.708733e+01 0.000000e+00 9.976769e+01 -2.680367e+00
1.026484e+02 0.000000e+00 9.976769e+01 2.880753e+00
-8.228989e+01 0.000000e+00 -3.119936e+01 -5.109053e+01
2.517699e+01 0.000000e+00 -3.119936e+01 5.637635e+01
6.422674e+02 7.314666e+02 7.314666e+02 6.422674e+02
8.050521e+02 7.314666e+02 7.314666e+02 8.050521e+02
