2.302482e+02 0.000000e+00 1.329951e+02 9.725310e+01
4.839281e+01 0.000000e+00 1.329951e+02 -8.460231e+01
2.179038e+02 0.000000e+00 1.527546e+02 6.514928e+01
1.066903e+02 0.000000e+00 1.527546e+02 -4.606430e+01
1.543876e+00 0.000000e+00 -4.387153e+01 4.541541e+01
-8.246614e+01 0.000000e+00 -4.387153e+01 -3.859461e+01
2.901168e+02 0.000000e+00 1.639140e+02 1.262028e+02
2.894017e+01 0.000000e+00 1.639140e+02 -1.349738e+02
3.601149e+02 0.000000e+00 3.428047e+02 1.731015e+01
3.235554e+02 0.000000e+00 3.428047e+02 -1.924933e+01
1.408200e+02 0.000000e+00 1.476305e+02 -6.810532e+00
1.559904e+02 0.000000e+00 1.476305e+02 8.359924e+00
-1.939074e+01 0.000000e+00 1.728226e+01 -3.667300e+01
5.418707e+01 0.000000e+00 1.728226e+01 3.690481e+01
2.423509e+02 0.000000e+00 1.940232e+02 4.832767e+01
1.400476e+02 0.000000e+00 1.940232e+02 -5.397557e+01
3.232605e+01 0.000000e+00 -6.286829e+00 3.861288e+01
-4.346495e+01 0.000000e+00 -6.286829e+00 -3.717812e+01
6.526462e+01 0.000000e+00 1.240098e+02 -5.874517e+01
1.686882e+02 0.000000e+00 1.240098e+02 4.467844e+01
2.263418e+02 0.000000e+00 1.861277e+02 4.021405e+01
1.507675e+02 0.000000e+00 1.861277e+02 -3.536028e+01
2.893004e+02 0.000000e+00 2.166368e+02 7.266364e+01
1.474149e+02 0.000000e+00 2.166368e+02 -6.922192e+01
4.113061e+02 0.000000e+00 4.386279e+02 -2.732181e+01
4.626158e+02 0.000000e+00 4.386279e+02 2.398785e+01
6.881450e+01 0.000000e+00 8.539065e+01 -1.657615e+01
1.049888e+02 0.000000e+00 8.539065e+01 1.959815e+01
2.605258e+02 0.000000e+00 2.133506e+02 4.717516e+01
1.645933e+02 0.000000e+00 2.133506e+02 -4.875732e+01
1.444421e+02 0.000000e+00 1.291076e+02 1.533456e+01
1.153290e+02 0.000000e+00 1.291076e+02 -1.377859e+01
4.047517e+02 0.000000e+00 3.684234e+02 3.632828e+01
3.338899e+02 0.000000e+00 3.684234e+02 -3.453351e+01
5.728317e+01 0.000000e+00 1.043745e+02 -4.709137e+01
1.485317e+02 0.000000e+00 1.043745e+02 4.415714e+01
5.252854e+02 5.043669e+02 5.043669e+02 5.252854e+02
4.920721e+02 5.043669e+02 5.043669e+02 4.920721e+02
2.506261e+02 0.000000e+00 1.737328e+02 7.689331e+01
8.721878e+01 0.000000e+00 1.737328e+02 -8.651398e+01
1.522106e+02 0.000000e+00 1.460315e+02 6.179138e+00
1.399607e+02 0.000000e+00 1.460315e+02 -6.070786e+00
7.575455e+01 0.000000e+00 9.674008e+01 -2.098553e+01
1.147512e+02 0.000000e+00 9.674008e+01 1.801114e+01
1.868226e+01 0.000000e+00 9.241322e+01 -7.373096e+01
1.717792e+02 0.000000e+00 9.241322e+01 7.936600e+01
9.448123e+01 0.000000e+00 9.552638e+01 -1.045151e+00
9.675647e+01 0.000000e+00 9.552638e+01 1.230087e+00
2.242545e+02 0.000000e+00 2.196963e+02 4.558167e+00
2.138569e+02 0.000000e+00 2.196963e+02 -5.839417e+00
3.376929e+02 0.000000e+00 2.607055e+02 7.698740e+01
1.820509e+02 0.000000e+00 2.607055e+02 -7.865462e+01
