-1.764275e+01 0.000000e+00 -8.145692e+01 6.381417e+01
-1.432562e+02 0.000000e+00 -8.145692e+01 -6.179924e+01
1.468123e+02 0.000000e+00 1.227303e+02 2.408200e+01
1.054719e+02 0.000000e+00 1.227303e+02 -1.725845e+01
1.041643e+01 0.000000e+00 3.619536e+01 -2.577893e+01
6.031291e+01 0.000000e+00 3.619536e+01 2.411755e+01
4.023943e+02 0.000000e+00 3.539398e+02 4.845444e+01
2.756376e+02 0.000000e+00 3.539398e+02 -7.830225e+01
1.262411e+02 0.000000e+00 1.745679e+02 -4.832675e+01
2.268587e+02 0.000000e+00 1.745679e+02 5.229085e+01
1.785978e+02 0.000000e+00 1.620595e+02 1.653831e+01
1.467095e+02 0.000000e+00 1.620595e+02 -1.535002e+01
2.713951e+02 0.000000e+00 2.310041e+02 4.039101e+01
1.858536e+02 0.000000e+00 2.310041e+02 -4.515050e+01
1.427187e+02 0.000000e+00 1.251641e+02 1.755458e+01
1.070209e+02 0.000000e+00 1.251641e+02 -1.814320e+01
3.373907e+02 0.000000e+00 3.024841e+02 3.490656e+01
2.574089e+02 0.000000e+00 3.024841e+02 -4.507526e+01
1.467018e+01 0.000000e+00 9.173010e+01 -7.705993e+01
1.453538e+02 0.000000e+00 9.173010e+01 5.362367e+01
2.291161e+02 0.000000e+00 1.435428e+02 8.557336e+01
4.084638e+01 0.000000e+00 1.435428e+02 -1.026964e+02
2.440571e+02 0.000000e+00 2.682873e+02 -2.423022e+01
3.065050e+02 0.000000e+00 2.682873e+02 3.821774e+01
5.519460e+02 6.027687e+02 6.027687e+02 5.519460e+02
6.525179e+02 6.027687e+02 6.027687e+02 6.525179e+02
1.780056e+02 0.000000e+00 1.153318e+02 6.267388e+01
5.205108e+01 0.000000e+00 1.153318e+02 -6.328069e+01
4.825274e+02 0.000000e+00 3.956072e+02 8.692020e+01
3.033712e+02 0.000000e+00 3.956072e+02 -9.223602e+01
2.882806e+02 0.000000e+00 1.936778e+02 9.460281e+01
1.124578e+02 0.000000e+00 1.936778e+02 -8.122000e+01
1.481062e+02 0.000000e+00 1.930988e+02 -4.499265e+01
2.339455e+02 0.000000e+00 1.930988e+02 4.084666e+01
2.146498e+02 0.000000e+00 1.439329e+02 7.071696e+01
8.571233e+01 0.000000e+00 1.439329e+02 -5.822054e+01
5.929539e+02 0.000000e+00 1.737241e+02 4.192298e+02
9.445893e+01 0.000000e+00 1.737241e+02 -7.926519e+01
2.079749e+02 0.000000e+00 1.656315e+02 4.234340e+01
1.254591e+02 0.000000e+00 1.656315e+02 -4.017239e+01
4.512224e+02 0.000000e+00 5.303167e+02 -7.909427e+01
6.300571e+02 0.000000e+00 5.303167e+02 9.974042e+01
7.685023e+01 0.000000e+00 7.458551e+01 2.264725e+00
7.255408e+01 0.000000e+00 7.458551e+01 -2.031433e+00
9.026532e+01 0.000000e+00 8.679883e+01 3.466492e+00
8.288072e+01 0.000000e+00 8.679883e+01 -3.918106e+00
2.804340e+02 0.000000e+00 2.071955e+02 7.323848e+01
1.355600e+02 0.000000e+00 2.071955e+02 -7.163554e+01
1.492160e+02 0.000000e+00 1.418253e+02 7.390778e+00
1.247543e+02 0.000000e+00 1.418253e+02 -1.707097e+01
4.886594e+01 0.000000e+00 9.638411e+01 -4.751817e+01
1.499166e+02 0.000000e+00 9.638411e+01 5.353249e+01
