5.808175e+01 0.000000e+00 1.834751e+01 3.973424e+01
-1.872904e+01 0.000000e+00 1.834751e+01 -3.707656e+01
1.300174e+02 0.000000e+00 1.074239e+02 2.259345e+01
8.574617e+01 0.000000e+00 1.074239e+02 -2.167774e+01
8.878990e+00 0.000000e+00 -3.476198e+01 4.364097e+01
-7.534874e+01 0.000000e+00 -3.476198e+01 -4.058675e+01
1.618695e+02 0.000000e+00 1.248188e+02 3.705070e+01
8.286734e+01 0.000000e+00 1.248188e+02 -4.195149e+01
7.510453e+01 0.000000e+00 1.346081e+02 -5.950358e+01
2.031808e+02 0.000000e+00 1.346081e+02 6.857271e+01
7.157980e+01 0.000000e+00 4.434162e+01 2.723818e+01
1.551951e+01 0.000000e+00 4.434162e+01 -2.882212e+01
4.930211e+01 0.000000e+00 6.274485e+01 -1.344274e+01
7.580502e+01 0.000000e+00 6.274485e+01 1.306017e+01
7.197355e+01 0.000000e+00 4.043249e+01 3.154106e+01
6.081252e+00 0.000000e+00 4.043249e+01 -3.435124e+01
9.645286e+01 0.000000e+00 9.514136e+01 1.311499e+00
9.396723e+01 0.000000e+00 9.514136e+01 -1.174131e+00
3.347421e+01 0.000000e+00 7.825166e+01 -4.477745e+01
1.138715e+02 0.000000e+00 7.825166e+01 3.561984e+01
1.355410e+02 0.000000e+00 9.729734e+01 3.824364e+01
6.544715e+01 0.000000e+00 9.729734e+01 -3.185019e+01
1.455641e+02 0.000000e+00 1.298745e+02 1.568967e+01
1.140711e+02 0.000000e+00 1.298745e+02 -1.580337e+01
9.667623e+01 0.000000e+00 1.026624e+02 -5.986175e+00
1.084967e+02 0.000000e+00 1.026624e+02 5.834315e+00
4.684482e+01 0.000000e+00 4.807822e+01 -1.233398e+00
4.986935e+01 0.000000e+00 4.807822e+01 1.791123e+00
3.201953e+02 3.162828e+02 3.162828e+02 3.201953e+02
3.131304e+02 3.162828e+02 3.162828e+02 3.131304e+02
5.975926e+01 0.000000e+00 6.557382e+01 -5.814553e+00
7.016649e+01 0.000000e+00 6.557382e+01 4.592677e+00
1.348819e+02 0.000000e+00 1.126671e+02 2.221477e+01
9.600724e+01 0.000000e+00 1.126671e+02 -1.665986e+01
4.130241e+01 0.000000e+00 4.127318e+01 2.922914e-02
3.967676e+01 0.000000e+00 4.127318e+01 -1.596418e+00
1.721394e+02 0.000000e+00 1.382240e+02 3.391544e+01
1.203774e+02 0.000000e+00 1.382240e+02 -1.784662e+01
1.084199e+02 0.000000e+00 8.210619e+01 2.631376e+01
5.198845e+01 0.000000e+00 8.210619e+01 -3.011774e+01
1.737286e+02 0.000000e+00 1.605747e+02 1.315390e+01
1.490586e+02 0.000000e+00 1.605747e+02 -1.151605e+01
9.799790e+01 0.000000e+00 4.344810e+01 5.454980e+01
-7.989139e+00 0.000000e+00 4.344810e+01 -5.143723e+01
1.918517e+01 0.000000e+00 3.126846e+01 -1.208329e+01
4.372499e+01 0.000000e+00 3.126846e+01 1.245653e+01
6.997737e+01 0.000000e+00 7.714205e+01 -7.164686e+00
8.455270e+01 0.000000e+00 7.714205e+01 7.410647e+00
1.553229e+01 0.000000e+00 3.244998e+01 -1.691769e+01
5.376137e+01 0.000000e+00 3.244998e+01 2.131139e+01
8.646152e+01 0.000000e+00 5.515934e+01 3.130217e+01
2.236250e+01 0.000000e+00 5.515934e+01 -3.279684e+01
