6.022363e+01 0.000000e+00 1.694388e+01 4.327975e+01
-2.503342e+01 0.000000e+00 1.694388e+01 -4.197730e+01
1.611577e+02 0.000000e+00 1.415208e+02 1.963689e+01
1.224640e+02 0.000000e+00 1.415208e+02 -1.905689e+01
2.257829e+01 0.000000e+00 -2.542814e+01 4.800643e+01
-7.027587e+01 0.000000e+00 -2.542814e+01 -4.484773e+01
2.061563e+02 0.000000e+00 1.647720e+02 4.138431e+01
1.162497e+02 0.000000e+00 1.647720e+02 -4.852223e+01
1.052833e+02 0.000000e+00 1.636685e+02 -5.838528e+01
2.280813e+02 0.000000e+00 1.636685e+02 6.441272e+01
1.070899e+02 0.000000e+00 6.957723e+01 3.751265e+01
2.956400e+01 0.000000e+00 6.957723e+01 -4.001323e+01
7.551580e+01 0.000000e+00 8.810110e+01 -1.258530e+01
9.978018e+01 0.000000e+00 8.810110e+01 1.167909e+01
1.126886e+02 0.000000e+00 8.591570e+01 2.677292e+01
5.686184e+01 0.000000e+00 8.591570e+01 -2.905386e+01
1.442404e+02 0.000000e+00 1.308207e+02 1.341979e+01
1.177757e+02 0.000000e+00 1.308207e+02 -1.304500e+01
1.672417e+02 2.420707e+02 2.420707e+02 1.672417e+02
2.980647e+02 2.420707e+02 2.420707e+02 2.980647e+02
1.584324e+02 0.000000e+00 1.212048e+02 3.722755e+01
8.937670e+01 0.000000e+00 1.212048e+02 -3.182812e+01
1.660543e+02 0.000000e+00 1.581415e+02 7.912777e+00
1.522435e+02 0.000000e+00 1.581415e+02 -5.898023e+00
1.374500e+02 0.000000e+00 1.484589e+02 -1.100886e+01
1.599279e+02 0.000000e+00 1.484589e+02 1.146897e+01
8.368230e+01 0.000000e+00 8.571413e+01 -2.031826e+00
8.746711e+01 0.000000e+00 8.571413e+01 1.752983e+00
2.715229e+02 0.000000e+00 2.610419e+02 1.048096e+01
2.514540e+02 0.000000e+00 2.610419e+02 -9.587883e+00
1.007670e+02 0.000000e+00 1.078028e+02 -7.035831e+00
1.131158e+02 0.000000e+00 1.078028e+02 5.312923e+00
1.804839e+02 0.000000e+00 1.573466e+02 2.313727e+01
1.373320e+02 0.000000e+00 1.573466e+02 -2.001461e+01
8.021062e+01 0.000000e+00 6.182590e+01 1.838472e+01
4.011243e+01 0.000000e+00 6.182590e+01 -2.171347e+01
2.051018e+02 0.000000e+00 1.701475e+02 3.495434e+01
1.535527e+02 0.000000e+00 1.701475e+02 -1.659477e+01
1.417587e+02 0.000000e+00 1.169099e+02 2.484879e+01
8.790335e+01 0.000000e+00 1.169099e+02 -2.900654e+01
2.270129e+02 0.000000e+00 2.254258e+02 1.587084e+00
2.251648e+02 0.000000e+00 2.254258e+02 -2.610115e-01
1.237826e+02 0.000000e+00 7.043856e+01 5.334406e+01
1.931537e+01 0.000000e+00 7.043856e+01 -5.112320e+01
2.703555e+01 0.000000e+00 3.320138e+01 -6.165831e+00
3.963851e+01 0.000000e+00 3.320138e+01 6.437126e+00
9.840664e+01 0.000000e+00 1.026735e+02 -4.266844e+00
1.055611e+02 0.000000e+00 1.026735e+02 2.887613e+00
2.781926e+01 0.000000e+00 4.550264e+01 -1.768338e+01
6.829239e+01 0.000000e+00 4.550264e+01 2.278976e+01
1.162941e+02 0.000000e+00 8.395742e+01 3.233667e+01
4.961074e+01 0.000000e+00 8.395742e+01 -3.434668e+01
