9.074673e+01 0.000000e+00 4.929966e+01 4.144706e+01
6.783031e+00 0.000000e+00 4.929966e+01 -4.251663e+01
2.030999e+02 0.000000e+00 1.755288e+02 2.757113e+01
1.491931e+02 0.000000e+00 1.755288e+02 -2.633565e+01
1.131596e+02 0.000000e+00 2.874846e+01 8.441112e+01
-5.568773e+01 0.000000e+00 2.874846e+01 -8.443619e+01
2.790443e+02 0.000000e+00 2.296779e+02 4.936646e+01
1.749677e+02 0.000000e+00 2.296779e+02 -5.471016e+01
1.426617e+02 0.000000e+00 1.897691e+02 -4.710738e+01
2.423189e+02 0.000000e+00 1.897691e+02 5.254985e+01
1.138442e+02 0.000000e+00 1.168320e+02 -2.987823e+00
1.181596e+02 0.000000e+00 1.168320e+02 1.327558e+00
1.649439e+02 0.000000e+00 1.603812e+02 4.562668e+00
1.546184e+02 0.000000e+00 1.603812e+02 -5.762754e+00
1.309577e+02 0.000000e+00 9.900192e+01 3.195577e+01
6.251980e+01 0.000000e+00 9.900192e+01 -3.648212e+01
1.595953e+02 0.000000e+00 1.610091e+02 -1.413743e+00
1.620763e+02 0.000000e+00 1.610091e+02 1.067179e+00
6.660676e+01 0.000000e+00 1.199477e+02 -5.334091e+01
1.574096e+02 0.000000e+00 1.199477e+02 3.746189e+01
1.919876e+02 0.000000e+00 1.530162e+02 3.897143e+01
1.185962e+02 0.000000e+00 1.530162e+02 -3.442001e+01
3.041538e+02 0.000000e+00 2.741197e+02 3.003406e+01
2.355849e+02 0.000000e+00 2.741197e+02 -3.853481e+01
1.668844e+02 0.000000e+00 1.660863e+02 7.980512e-01
1.645511e+02 0.000000e+00 1.660863e+02 -1.535203e+00
1.384610e+02 0.000000e+00 1.320702e+02 6.390794e+00
1.237763e+02 0.000000e+00 1.320702e+02 -8.293903e+00
3.034771e+02 0.000000e+00 2.844678e+02 1.900932e+01
2.652733e+02 0.000000e+00 2.844678e+02 -1.919444e+01
1.072680e+02 0.000000e+00 1.027573e+02 4.510639e+00
9.808137e+01 0.000000e+00 1.027573e+02 -4.675947e+00
1.876670e+02 0.000000e+00 1.585246e+02 2.914234e+01
1.341968e+02 0.000000e+00 1.585246e+02 -2.432778e+01
1.546779e+02 0.000000e+00 1.282752e+02 2.640275e+01
1.020740e+02 0.000000e+00 1.282752e+02 -2.620115e+01
9.782852e+01 0.000000e+00 1.631627e+02 -6.533423e+01
1.738665e+02 0.000000e+00 1.631627e+02 1.070373e+01
1.667081e+02 0.000000e+00 1.302053e+02 3.650279e+01
8.880851e+01 0.000000e+00 1.302053e+02 -4.139680e+01
1.978212e+02 0.000000e+00 2.028483e+02 -5.027142e+00
2.049200e+02 0.000000e+00 2.028483e+02 2.071625e+00
1.951171e+02 0.000000e+00 1.165179e+02 7.859925e+01
4.859453e+01 0.000000e+00 1.165179e+02 -6.792335e+01
2.177493e+02 2.469799e+02 2.469799e+02 2.177493e+02
2.729556e+02 2.469799e+02 2.469799e+02 2.729556e+02
1.717490e+02 0.000000e+00 1.598695e+02 1.187953e+01
1.460199e+02 0.000000e+00 1.598695e+02 -1.384966e+01
4.886597e+01 0.000000e+00 6.964093e+01 -2.077496e+01
1.015441e+02 0.000000e+00 6.964093e+01 3.190312e+01
1.237082e+02 0.000000e+00 1.058413e+02 1.786687e+01
8.734157e+01 0.000000e+00 1.058413e+02 -1.849973e+01
