7.141340e+01 0.000000e+00 3.553220e+01 3.588119e+01
2.107088e-01 0.000000e+00 3.553220e+01 -3.532149e+01
1.504345e+02 0.000000e+00 1.340976e+02 1.633689e+01
1.185141e+02 0.000000e+00 1.340976e+02 -1.558350e+01
4.239727e+01 0.000000e+00 -9.717171e+00 5.211444e+01
-5.945259e+01 0.000000e+00 -9.717171e+00 -4.973542e+01
1.939702e+02 0.000000e+00 1.509857e+02 4.298456e+01
9.978229e+01 0.000000e+00 1.509857e+02 -5.120339e+01
1.296777e+02 0.000000e+00 1.715394e+02 -4.186173e+01
2.187634e+02 0.000000e+00 1.715394e+02 4.722398e+01
1.250572e+02 0.000000e+00 9.743995e+01 2.761727e+01
6.902710e+01 0.000000e+00 9.743995e+01 -2.841286e+01
8.895544e+01 0.000000e+00 9.509087e+01 -6.135429e+00
1.005320e+02 0.000000e+00 9.509087e+01 5.441130e+00
9.495893e+01 0.000000e+00 6.069234e+01 3.426659e+01
2.203715e+01 0.000000e+00 6.069234e+01 -3.865519e+01
1.396134e+02 0.000000e+00 1.337003e+02 5.913100e+00
1.274743e+02 0.000000e+00 1.337003e+02 -6.226021e+00
5.762572e+01 0.000000e+00 9.789262e+01 -4.026690e+01
1.290302e+02 0.000000e+00 9.789262e+01 3.113760e+01
1.471483e+02 0.000000e+00 1.147386e+02 3.240968e+01
8.761623e+01 0.000000e+00 1.147386e+02 -2.712240e+01
1.844331e+02 0.000000e+00 1.659763e+02 1.845685e+01
1.475795e+02 0.000000e+00 1.659763e+02 -1.839677e+01
1.282105e+02 0.000000e+00 1.325585e+02 -4.347957e+00
1.369630e+02 0.000000e+00 1.325585e+02 4.404497e+00
2.764781e+02 2.686048e+02 2.686048e+02 2.764781e+02
2.615059e+02 2.686048e+02 2.686048e+02 2.615059e+02
2.549937e+02 0.000000e+00 2.414738e+02 1.351993e+01
2.279361e+02 0.000000e+00 2.414738e+02 -1.353767e+01
8.058415e+01 0.000000e+00 8.702049e+01 -6.436348e+00
9.201479e+01 0.000000e+00 8.702049e+01 4.994295e+00
1.873810e+02 0.000000e+00 1.513006e+02 3.608049e+01
1.247151e+02 0.000000e+00 1.513006e+02 -2.658546e+01
6.320810e+01 0.000000e+00 6.282183e+01 3.862706e-01
6.039491e+01 0.000000e+00 6.282183e+01 -2.426917e+00
1.736642e+02 0.000000e+00 1.537565e+02 1.990777e+01
1.408926e+02 0.000000e+00 1.537565e+02 -1.286388e+01
1.457902e+02 0.000000e+00 1.113201e+02 3.447009e+01
7.174477e+01 0.000000e+00 1.113201e+02 -3.957529e+01
1.656045e+02 0.000000e+00 1.639961e+02 1.608435e+00
1.642628e+02 0.000000e+00 1.639961e+02 2.667114e-01
1.349124e+02 0.000000e+00 7.242565e+01 6.248675e+01
1.695764e+01 0.000000e+00 7.242565e+01 -5.546801e+01
3.791439e+01 0.000000e+00 4.704905e+01 -9.134654e+00
5.642885e+01 0.000000e+00 4.704905e+01 9.379803e+00
9.960349e+01 0.000000e+00 9.618028e+01 3.423206e+00
9.214243e+01 0.000000e+00 9.618028e+01 -4.037849e+00
3.775375e+01 0.000000e+00 5.235469e+01 -1.460094e+01
6.990448e+01 0.000000e+00 5.235469e+01 1.754979e+01
1.110067e+02 0.000000e+00 8.256673e+01 2.844000e+01
5.389849e+01 0.000000e+00 8.256673e+01 -2.866824e+01
