1.631200e+02 0.000000e+00 7.302090e+01 9.009914e+01
-2.521513e+01 0.000000e+00 7.302090e+01 -9.823602e+01
1.330175e+02 0.000000e+00 1.271360e+02 5.881470e+00
1.222456e+02 0.000000e+00 1.271360e+02 -4.890465e+00
1.607396e+02 0.000000e+00 1.562575e+02 4.482056e+00
1.524029e+02 0.000000e+00 1.562575e+02 -3.854599e+00
1.532843e+01 0.000000e+00 3.625798e+01 -2.092955e+01
6.418525e+01 0.000000e+00 3.625798e+01 2.792727e+01
2.599818e+02 0.000000e+00 2.846451e+02 -2.466333e+01
3.128398e+02 0.000000e+00 2.846451e+02 2.819464e+01
2.364476e+02 0.000000e+00 1.614804e+02 7.496716e+01
7.329569e+01 0.000000e+00 1.614804e+02 -8.818475e+01
7.102536e+01 0.000000e+00 5.878594e+01 1.223942e+01
4.555987e+01 0.000000e+00 5.878594e+01 -1.322607e+01
1.893010e+02 0.000000e+00 1.412843e+02 4.801674e+01
8.917524e+01 0.000000e+00 1.412843e+02 -5.210902e+01
3.584403e+02 0.000000e+00 2.755279e+02 8.291241e+01
1.777464e+02 0.000000e+00 2.755279e+02 -9.778151e+01
1.508376e+01 0.000000e+00 6.187202e+01 -4.678826e+01
9.505267e+01 0.000000e+00 6.187202e+01 3.318065e+01
3.739759e+02 0.000000e+00 3.255760e+02 4.839996e+01
2.938371e+02 0.000000e+00 3.255760e+02 -3.173886e+01
-1.634870e+00 0.000000e+00 -8.347016e+00 6.712146e+00
-1.517070e+01 0.000000e+00 -8.347016e+00 -6.823682e+00
1.766842e+02 0.000000e+00 1.569838e+02 1.970032e+01
1.358331e+02 0.000000e+00 1.569838e+02 -2.115079e+01
7.779823e+01 0.000000e+00 2.809855e+01 4.969969e+01
-1.449945e+01 0.000000e+00 2.809855e+01 -4.259800e+01
8.410522e+02 7.854924e+02 7.854924e+02 8.410522e+02
7.183849e+02 7.854924e+02 7.854924e+02 7.183849e+02
-7.410759e+01 0.000000e+00 -4.625043e+01 -2.785716e+01
-2.249549e+01 0.000000e+00 -4.625043e+01 2.375494e+01
1.511201e+02 0.000000e+00 1.046973e+02 4.642278e+01
6.126907e+01 0.000000e+00 1.046973e+02 -4.342822e+01
9.804662e+01 0.000000e+00 9.124519e+01 6.801430e+00
8.349918e+01 0.000000e+00 9.124519e+01 -7.746010e+00
2.035988e+02 0.000000e+00 1.459675e+02 5.763132e+01
1.081148e+02 0.000000e+00 1.459675e+02 -3.785262e+01
1.303573e+02 0.000000e+00 1.108184e+02 1.953890e+01
8.555956e+01 0.000000e+00 1.108184e+02 -2.525886e+01
1.513946e+02 0.000000e+00 1.291471e+02 2.224745e+01
1.016028e+02 0.000000e+00 1.291471e+02 -2.754430e+01
1.313518e+02 0.000000e+00 7.257726e+01 5.877455e+01
2.000081e+01 0.000000e+00 7.257726e+01 -5.257644e+01
7.010979e+00 0.000000e+00 2.335403e+01 -1.634305e+01
4.425884e+01 0.000000e+00 2.335403e+01 2.090481e+01
1.468582e+02 0.000000e+00 1.366732e+02 1.018498e+01
1.258062e+02 0.000000e+00 1.366732e+02 -1.086707e+01
1.535068e+02 0.000000e+00 1.671887e+02 -1.368193e+01
1.807220e+02 0.000000e+00 1.671887e+02 1.353329e+01
2.256193e+02 0.000000e+00 2.221907e+02 3.428650e+00
2.175195e+02 0.000000e+00 2.221907e+02 -4.671127e+00
