7.465366e+01 0.000000e+00 3.376661e+01 4.088705e+01
-5.160430e+00 0.000000e+00 3.376661e+01 -3.892704e+01
1.456889e+02 0.000000e+00 1.244848e+02 2.120408e+01
1.043258e+02 0.000000e+00 1.244848e+02 -2.015898e+01
4.074679e+01 0.000000e+00 -2.892310e+01 6.966989e+01
-9.455744e+01 0.000000e+00 -2.892310e+01 -6.563434e+01
1.791415e+02 0.000000e+00 1.366249e+02 4.251660e+01
9.005694e+01 0.000000e+00 1.366249e+02 -4.656798e+01
8.994021e+01 0.000000e+00 1.545674e+02 -6.462716e+01
2.238099e+02 0.000000e+00 1.545674e+02 6.924257e+01
7.453835e+01 0.000000e+00 4.997737e+01 2.456098e+01
2.476593e+01 0.000000e+00 4.997737e+01 -2.521144e+01
6.452719e+01 0.000000e+00 7.810459e+01 -1.357740e+01
9.102338e+01 0.000000e+00 7.810459e+01 1.291879e+01
7.675789e+01 0.000000e+00 4.564777e+01 3.111012e+01
1.182164e+01 0.000000e+00 4.564777e+01 -3.382612e+01
1.147969e+02 0.000000e+00 1.103531e+02 4.443824e+00
1.047399e+02 0.000000e+00 1.103531e+02 -5.613194e+00
6.833048e+01 0.000000e+00 9.879847e+01 -3.046799e+01
1.228668e+02 0.000000e+00 9.879847e+01 2.406833e+01
1.504326e+02 0.000000e+00 1.062840e+02 4.414859e+01
7.140224e+01 0.000000e+00 1.062840e+02 -3.488178e+01
1.840714e+02 0.000000e+00 1.566824e+02 2.738902e+01
1.295942e+02 0.000000e+00 1.566824e+02 -2.708817e+01
1.183576e+02 0.000000e+00 1.219828e+02 -3.625261e+00
1.260559e+02 0.000000e+00 1.219828e+02 4.073068e+00
9.679398e+01 0.000000e+00 9.769665e+01 -9.026621e-01
9.934273e+01 0.000000e+00 9.769665e+01 1.646083e+00
2.413113e+02 0.000000e+00 2.320666e+02 9.244693e+00
2.230916e+02 0.000000e+00 2.320666e+02 -8.975012e+00
1.090353e+02 0.000000e+00 1.010186e+02 8.016710e+00
9.415910e+01 0.000000e+00 1.010186e+02 -6.859514e+00
1.727226e+02 0.000000e+00 1.458298e+02 2.689288e+01
1.265227e+02 0.000000e+00 1.458298e+02 -1.930706e+01
7.346459e+01 0.000000e+00 6.476191e+01 8.702683e+00
5.500157e+01 0.000000e+00 6.476191e+01 -9.760345e+00
1.952326e+02 0.000000e+00 1.506615e+02 4.457109e+01
1.327444e+02 0.000000e+00 1.506615e+02 -1.791709e+01
3.244944e+02 2.835100e+02 2.835100e+02 3.244944e+02
2.375380e+02 2.835100e+02 2.835100e+02 2.375380e+02
1.855959e+02 0.000000e+00 1.784354e+02 7.160501e+00
1.725802e+02 0.000000e+00 1.784354e+02 -5.855136e+00
1.274094e+02 0.000000e+00 6.473190e+01 6.267753e+01
6.390572e+00 0.000000e+00 6.473190e+01 -5.834133e+01
4.264198e+01 0.000000e+00 4.832694e+01 -5.684963e+00
5.192957e+01 0.000000e+00 4.832694e+01 3.602626e+00
7.032900e+01 0.000000e+00 8.282924e+01 -1.250023e+01
9.680116e+01 0.000000e+00 8.282924e+01 1.397192e+01
3.753709e+01 0.000000e+00 4.921533e+01 -1.167824e+01
6.308352e+01 0.000000e+00 4.921533e+01 1.386819e+01
9.505325e+01 0.000000e+00 6.992195e+01 2.513130e+01
4.367840e+01 0.000000e+00 6.992195e+01 -2.624355e+01
