9.904460e+01 0.000000e+00 5.182934e+01 4.721526e+01
4.981300e+00 0.000000e+00 5.182934e+01 -4.684804e+01
1.686211e+02 0.000000e+00 1.471973e+02 2.142379e+01
1.269788e+02 0.000000e+00 1.471973e+02 -2.021844e+01
4.728986e+01 0.000000e+00 1.536638e+01 3.192347e+01
-1.752121e+01 0.000000e+00 1.536638e+01 -3.288759e+01
2.346619e+02 0.000000e+00 1.887749e+02 4.588704e+01
1.340559e+02 0.000000e+00 1.887749e+02 -5.471897e+01
1.674584e+02 0.000000e+00 2.016714e+02 -3.421304e+01
2.386575e+02 0.000000e+00 2.016714e+02 3.698613e+01
2.970058e+02 2.601943e+02 2.601943e+02 2.970058e+02
2.219813e+02 2.601943e+02 2.601943e+02 2.219813e+02
1.141377e+02 0.000000e+00 1.157615e+02 -1.623752e+00
1.166955e+02 0.000000e+00 1.157615e+02 9.340509e-01
1.186567e+02 0.000000e+00 8.570444e+01 3.295221e+01
4.953863e+01 0.000000e+00 8.570444e+01 -3.616582e+01
1.478984e+02 0.000000e+00 1.425771e+02 5.321254e+00
1.371112e+02 0.000000e+00 1.425771e+02 -5.465968e+00
6.095667e+01 0.000000e+00 1.055853e+02 -4.462867e+01
1.401173e+02 0.000000e+00 1.055853e+02 3.453198e+01
1.720706e+02 0.000000e+00 1.327695e+02 3.930107e+01
9.855970e+01 0.000000e+00 1.327695e+02 -3.420982e+01
2.179110e+02 0.000000e+00 1.946370e+02 2.327401e+01
1.711127e+02 0.000000e+00 1.946370e+02 -2.352429e+01
1.537705e+02 0.000000e+00 1.466168e+02 7.153696e+00
1.392825e+02 0.000000e+00 1.466168e+02 -7.334268e+00
1.662961e+02 0.000000e+00 1.667007e+02 -4.046054e-01
1.679125e+02 0.000000e+00 1.667007e+02 1.211730e+00
3.039445e+02 0.000000e+00 2.895995e+02 1.434499e+01
2.758087e+02 0.000000e+00 2.895995e+02 -1.379086e+01
9.399034e+01 0.000000e+00 9.533851e+01 -1.348163e+00
9.695315e+01 0.000000e+00 9.533851e+01 1.614646e+00
1.889976e+02 0.000000e+00 1.555387e+02 3.345894e+01
1.271195e+02 0.000000e+00 1.555387e+02 -2.841924e+01
7.120268e+01 0.000000e+00 6.763015e+01 3.572528e+00
6.228034e+01 0.000000e+00 6.763015e+01 -5.349809e+00
2.005059e+02 0.000000e+00 1.755277e+02 2.497824e+01
1.602637e+02 0.000000e+00 1.755277e+02 -1.526399e+01
1.349614e+02 0.000000e+00 1.012683e+02 3.369311e+01
6.263414e+01 0.000000e+00 1.012683e+02 -3.863416e+01
1.635800e+02 0.000000e+00 1.725613e+02 -8.981234e+00
1.833159e+02 0.000000e+00 1.725613e+02 1.075466e+01
1.382893e+02 0.000000e+00 8.645247e+01 5.183685e+01
4.096316e+01 0.000000e+00 8.645247e+01 -4.548931e+01
6.037364e+01 0.000000e+00 6.543555e+01 -5.061913e+00
7.035502e+01 0.000000e+00 6.543555e+01 4.919468e+00
1.349632e+02 0.000000e+00 1.274352e+02 7.528010e+00
1.189902e+02 0.000000e+00 1.274352e+02 -8.445017e+00
6.730264e+01 0.000000e+00 8.059175e+01 -1.328912e+01
9.766545e+01 0.000000e+00 8.059175e+01 1.707370e+01
1.101560e+02 0.000000e+00 9.320819e+01 1.694782e+01
7.679201e+01 0.000000e+00 9.320819e+01 -1.641618e+01
