2.211302e+02 0.000000e+00 1.396897e+02 8.144048e+01
6.779607e+01 0.000000e+00 1.396897e+02 -7.189367e+01
1.724677e+02 0.000000e+00 1.265179e+02 4.594974e+01
8.786502e+01 0.000000e+00 1.265179e+02 -3.865289e+01
1.314053e+02 0.000000e+00 1.187222e+02 1.268308e+01
1.073917e+02 0.000000e+00 1.187222e+02 -1.133051e+01
2.199005e+02 0.000000e+00 1.547930e+02 6.510750e+01
8.536092e+01 0.000000e+00 1.547930e+02 -6.943207e+01
3.326267e+02 0.000000e+00 3.151908e+02 1.743588e+01
3.000558e+02 0.000000e+00 3.151908e+02 -1.513501e+01
2.527179e+02 0.000000e+00 1.451424e+02 1.075754e+02
4.121780e+01 0.000000e+00 1.451424e+02 -1.039246e+02
7.549800e+01 0.000000e+00 3.735276e+01 3.814524e+01
2.121201e-01 0.000000e+00 3.735276e+01 -3.714064e+01
1.647429e+02 0.000000e+00 1.125365e+02 5.220634e+01
5.018452e+01 0.000000e+00 1.125365e+02 -6.235199e+01
3.957623e+02 0.000000e+00 3.376044e+02 5.815793e+01
2.657687e+02 0.000000e+00 3.376044e+02 -7.183569e+01
5.286724e+01 0.000000e+00 1.048889e+02 -5.202169e+01
1.426566e+02 0.000000e+00 1.048889e+02 3.776762e+01
4.577971e+02 4.541666e+02 4.541666e+02 4.577971e+02
4.506114e+02 4.541666e+02 4.541666e+02 4.506114e+02
5.755996e+01 0.000000e+00 1.030649e+02 -4.550493e+01
1.443268e+02 0.000000e+00 1.030649e+02 4.126196e+01
1.976724e+02 0.000000e+00 1.440870e+02 5.358534e+01
8.413481e+01 0.000000e+00 1.440870e+02 -5.995222e+01
2.492480e+02 0.000000e+00 2.396303e+02 9.617737e+00
2.290067e+02 0.000000e+00 2.396303e+02 -1.062358e+01
5.372140e+02 0.000000e+00 4.956720e+02 4.154199e+01
4.560302e+02 0.000000e+00 4.956720e+02 -3.964175e+01
-2.937145e+00 0.000000e+00 -1.229139e+01 9.354244e+00
-2.005511e+01 0.000000e+00 -1.229139e+01 -7.763716e+00
9.748571e+01 0.000000e+00 1.014429e+02 -3.957176e+00
1.059362e+02 0.000000e+00 1.014429e+02 4.493332e+00
1.893640e+02 0.000000e+00 1.872172e+02 2.146790e+00
1.839318e+02 0.000000e+00 1.872172e+02 -3.285385e+00
3.468960e+02 0.000000e+00 2.633841e+02 8.351193e+01
2.324275e+02 0.000000e+00 2.633841e+02 -3.095654e+01
6.600421e+01 0.000000e+00 1.395131e+01 5.205290e+01
-4.334238e+01 0.000000e+00 1.395131e+01 -5.729369e+01
1.336537e+02 0.000000e+00 1.713348e+02 -3.768111e+01
2.114762e+02 0.000000e+00 1.713348e+02 4.014137e+01
6.172841e+01 0.000000e+00 2.224924e+01 3.947917e+01
-2.077410e+00 0.000000e+00 2.224924e+01 -2.432665e+01
1.052239e+02 0.000000e+00 8.295573e+01 2.226816e+01
5.021980e+01 0.000000e+00 8.295573e+01 -3.273593e+01
1.027320e+02 0.000000e+00 1.073978e+02 -4.665840e+00
1.122798e+02 0.000000e+00 1.073978e+02 4.881966e+00
1.251266e+02 0.000000e+00 1.504555e+02 -2.532882e+01
1.869643e+02 0.000000e+00 1.504555e+02 3.650887e+01
1.486102e+02 0.000000e+00 1.266386e+02 2.197158e+01
1.029669e+02 0.000000e+00 1.266386e+02 -2.367179e+01
