9.976350e+01 0.000000e+00 9.938101e+01 3.824844e-01
9.900235e+01 0.000000e+00 9.938101e+01 -3.786621e-01
6.330320e+02 6.210474e+02 6.210474e+02 6.330320e+02
6.066601e+02 6.210474e+02 6.210474e+02 6.066601e+02
3.234598e+01 0.000000e+00 -2.688928e+01 5.923526e+01
-9.002164e+01 0.000000e+00 -2.688928e+01 -6.313235e+01
2.047305e+02 0.000000e+00 1.045425e+02 1.001880e+02
-6.817265e+00 0.000000e+00 1.045425e+02 -1.113598e+02
2.062687e+01 0.000000e+00 1.624010e+02 -1.417741e+02
3.313058e+02 0.000000e+00 1.624010e+02 1.689048e+02
1.265381e+02 0.000000e+00 4.681248e+01 7.972564e+01
-3.544359e+01 0.000000e+00 4.681248e+01 -8.225607e+01
-1.099157e+02 0.000000e+00 -6.620887e+01 -4.370679e+01
-1.983275e+01 0.000000e+00 -6.620887e+01 4.637612e+01
4.485719e+01 0.000000e+00 1.919442e+01 2.566278e+01
-1.060046e+01 0.000000e+00 1.919442e+01 -2.979487e+01
4.164116e+02 0.000000e+00 3.519415e+02 6.447009e+01
2.849940e+02 0.000000e+00 3.519415e+02 -6.694745e+01
1.965868e+02 0.000000e+00 1.920696e+02 4.517181e+00
1.876522e+02 0.000000e+00 1.920696e+02 -4.417404e+00
2.906740e+02 0.000000e+00 2.490351e+02 4.163887e+01
2.222537e+02 0.000000e+00 2.490351e+02 -2.678139e+01
2.249295e+02 0.000000e+00 2.493823e+02 -2.445276e+01
2.825010e+02 0.000000e+00 2.493823e+02 3.311877e+01
1.519644e+02 0.000000e+00 1.320058e+02 1.995865e+01
1.119217e+02 0.000000e+00 1.320058e+02 -2.008411e+01
2.551309e+02 0.000000e+00 3.025829e+02 -4.745201e+01
3.455489e+02 0.000000e+00 3.025829e+02 4.296597e+01
1.656878e+01 0.000000e+00 -6.224311e-01 1.719121e+01
-1.567528e+01 0.000000e+00 -6.224311e-01 -1.505284e+01
4.304806e+01 0.000000e+00 1.090759e+02 -6.602781e+01
1.644099e+02 0.000000e+00 1.090759e+02 5.533401e+01
6.799562e+02 0.000000e+00 6.249637e+02 5.499249e+01
5.650200e+02 0.000000e+00 6.249637e+02 -5.994373e+01
1.230291e+02 0.000000e+00 6.700690e+01 5.602221e+01
-9.517921e+00 0.000000e+00 6.700690e+01 -7.652483e+01
2.971024e+02 0.000000e+00 2.933570e+02 3.745361e+00
2.905202e+02 0.000000e+00 2.933570e+02 -2.836823e+00
1.548401e+02 0.000000e+00 1.527488e+02 2.091293e+00
1.507188e+02 0.000000e+00 1.527488e+02 -2.029984e+00
2.342162e+02 0.000000e+00 1.719512e+02 6.226500e+01
1.041002e+02 0.000000e+00 1.719512e+02 -6.785104e+01
8.108379e+01 0.000000e+00 -6.039723e+01 1.414810e+02
-1.827484e+02 0.000000e+00 -6.039723e+01 -1.223512e+02
5.595575e+01 0.000000e+00 1.648565e+01 3.947010e+01
-3.746186e+01 0.000000e+00 1.648565e+01 -5.394751e+01
7.417375e+01 0.000000e+00 1.426274e+02 -6.845361e+01
2.209581e+02 0.000000e+00 1.426274e+02 7.833078e+01
2.469392e+02 0.000000e+00 1.909827e+02 5.595647e+01
1.093958e+02 0.000000e+00 1.909827e+02 -8.158687e+01
2.214258e+02 0.000000e+00 5.033786e+01 1.710879e+02
-9.361150e+01 0.000000e+00 5.033786e+01 -1.439494e+02
