-3.956264e+01 0.000000e+00 -5.372303e+01 1.416039e+01
-6.697411e+01 0.000000e+00 -5.372303e+01 -1.325108e+01
1.011059e+02 0.000000e+00 4.452231e+01 5.658361e+01
3.911503e+00 0.000000e+00 4.452231e+01 -4.061081e+01
6.577077e+01 0.000000e+00 6.114967e+01 4.621094e+00
5.687536e+01 0.000000e+00 6.114967e+01 -4.274315e+00
2.162792e+02 0.000000e+00 2.042646e+02 1.201466e+01
1.847195e+02 0.000000e+00 2.042646e+02 -1.954506e+01
3.129278e+01 0.000000e+00 6.978384e+01 -3.849105e+01
1.123106e+02 0.000000e+00 6.978384e+01 4.252681e+01
1.847481e+02 0.000000e+00 1.208127e+02 6.393542e+01
6.808576e+01 0.000000e+00 1.208127e+02 -5.272695e+01
1.686302e+02 0.000000e+00 1.401995e+02 2.843068e+01
1.103468e+02 0.000000e+00 1.401995e+02 -2.985272e+01
2.698434e+02 0.000000e+00 1.781155e+02 9.172792e+01
7.597261e+01 0.000000e+00 1.781155e+02 -1.021429e+02
2.266041e+02 0.000000e+00 1.846208e+02 4.198332e+01
1.457427e+02 0.000000e+00 1.846208e+02 -3.887807e+01
8.795328e+01 0.000000e+00 1.464420e+02 -5.848874e+01
1.888236e+02 0.000000e+00 1.464420e+02 4.238156e+01
2.776902e+02 0.000000e+00 2.023153e+02 7.537483e+01
1.066118e+02 0.000000e+00 2.023153e+02 -9.570354e+01
1.339897e+02 0.000000e+00 1.473499e+02 -1.336020e+01
1.665263e+02 0.000000e+00 1.473499e+02 1.917648e+01
2.381931e+02 0.000000e+00 2.419277e+02 -3.734665e+00
2.459223e+02 0.000000e+00 2.419277e+02 3.994598e+00
1.318322e+02 0.000000e+00 1.369108e+02 -5.078522e+00
1.426076e+02 0.000000e+00 1.369108e+02 5.696838e+00
5.041872e+02 0.000000e+00 3.995341e+02 1.046531e+02
2.793490e+02 0.000000e+00 3.995341e+02 -1.201851e+02
1.651088e+02 0.000000e+00 1.344453e+02 3.066348e+01
1.041889e+02 0.000000e+00 1.344453e+02 -3.025636e+01
1.351656e+02 0.000000e+00 1.494930e+02 -1.432742e+01
1.617450e+02 0.000000e+00 1.494930e+02 1.225195e+01
3.100063e+02 0.000000e+00 2.141231e+02 9.588318e+01
1.273279e+02 0.000000e+00 2.141231e+02 -8.679517e+01
5.864393e+02 0.000000e+00 2.825151e+02 3.039242e+02
1.956900e+02 0.000000e+00 2.825151e+02 -8.682506e+01
1.699520e+02 0.000000e+00 1.094165e+02 6.053555e+01
4.616956e+01 0.000000e+00 1.094165e+02 -6.324693e+01
4.823400e+02 5.803459e+02 5.803459e+02 4.823400e+02
6.754985e+02 5.803459e+02 5.803459e+02 6.754985e+02
3.596017e+01 0.000000e+00 5.474007e+01 -1.877990e+01
7.066492e+01 0.000000e+00 5.474007e+01 1.592485e+01
9.115744e+01 0.000000e+00 6.441297e+01 2.674447e+01
2.514197e+01 0.000000e+00 6.441297e+01 -3.927100e+01
1.810099e+02 0.000000e+00 1.120062e+02 6.900368e+01
4.218553e+01 0.000000e+00 1.120062e+02 -6.982065e+01
1.728451e+02 0.000000e+00 1.706489e+02 2.196198e+00
1.673081e+02 0.000000e+00 1.706489e+02 -3.340805e+00
2.920560e+01 0.000000e+00 6.714352e+01 -3.793793e+01
1.053852e+02 0.000000e+00 6.714352e+01 3.824172e+01
