4.524332e+01 0.000000e+00 -3.424178e+00 4.866750e+01
-5.957662e+01 0.000000e+00 -3.424178e+00 -5.615244e+01
1.352425e+02 0.000000e+00 5.111294e+01 8.412955e+01
-6.372787e+00 0.000000e+00 5.111294e+01 -5.748573e+01
-2.039133e+02 0.000000e+00 -1.040071e+02 -9.990617e+01
-2.377224e+01 0.000000e+00 -1.040071e+02 8.023486e+01
2.550217e+02 0.000000e+00 2.148971e+02 4.012453e+01
1.592928e+02 0.000000e+00 2.148971e+02 -5.560429e+01
8.687186e+01 0.000000e+00 1.562878e+02 -6.941589e+01
2.196747e+02 0.000000e+00 1.562878e+02 6.338698e+01
1.009655e+02 0.000000e+00 1.507494e+02 -4.978387e+01
1.905043e+02 0.000000e+00 1.507494e+02 3.975487e+01
8.124903e+00 0.000000e+00 -1.428842e+01 2.241333e+01
-3.564610e+01 0.000000e+00 -1.428842e+01 -2.135767e+01
4.607401e+02 0.000000e+00 4.791294e+02 -1.838925e+01
5.060645e+02 0.000000e+00 4.791294e+02 2.693515e+01
7.166985e+01 0.000000e+00 7.148161e+01 1.882477e-01
7.131528e+01 0.000000e+00 7.148161e+01 -1.663208e-01
2.573416e+02 4.183023e+02 4.183023e+02 2.573416e+02
5.490115e+02 4.183023e+02 4.183023e+02 5.490115e+02
1.317764e+02 0.000000e+00 1.137494e+02 1.802697e+01
9.444451e+01 0.000000e+00 1.137494e+02 -1.930490e+01
1.215746e+02 0.000000e+00 1.771078e+02 -5.553324e+01
2.448845e+02 0.000000e+00 1.771078e+02 6.777667e+01
1.508863e+02 0.000000e+00 1.190122e+02 3.187413e+01
8.535255e+01 0.000000e+00 1.190122e+02 -3.365964e+01
6.305337e+00 0.000000e+00 -5.999585e+01 6.630119e+01
-1.500912e+02 0.000000e+00 -5.999585e+01 -9.009540e+01
2.363402e+02 0.000000e+00 2.263587e+02 9.981537e+00
2.153428e+02 0.000000e+00 2.263587e+02 -1.101582e+01
1.354011e+02 0.000000e+00 1.065395e+02 2.886162e+01
8.059576e+01 0.000000e+00 1.065395e+02 -2.594376e+01
4.987030e+01 0.000000e+00 1.831615e+01 3.155415e+01
-1.319990e+01 0.000000e+00 1.831615e+01 -3.151605e+01
1.783560e+02 0.000000e+00 6.778666e+01 1.105693e+02
-5.458179e+01 0.000000e+00 6.778666e+01 -1.223685e+02
2.997495e+02 0.000000e+00 2.670360e+02 3.271350e+01
2.496728e+02 0.000000e+00 2.670360e+02 -1.736325e+01
7.473197e+01 0.000000e+00 9.711378e+01 -2.238181e+01
1.175881e+02 0.000000e+00 9.711378e+01 2.047432e+01
2.207677e+02 0.000000e+00 2.618606e+02 -4.109290e+01
2.984335e+02 0.000000e+00 2.618606e+02 3.657285e+01
4.672070e+01 0.000000e+00 1.202973e+02 -7.357655e+01
1.955519e+02 0.000000e+00 1.202973e+02 7.525465e+01
1.118391e+02 0.000000e+00 8.090235e+01 3.093671e+01
2.936652e+01 0.000000e+00 8.090235e+01 -5.153583e+01
1.395268e+02 0.000000e+00 7.596388e+01 6.356291e+01
-5.977097e+00 0.000000e+00 7.596388e+01 -8.194098e+01
5.868372e+01 0.000000e+00 6.481276e+01 -6.129036e+00
7.262769e+01 0.000000e+00 6.481276e+01 7.814926e+00
9.435776e+01 0.000000e+00 6.816128e+01 2.619648e+01
3.730481e+01 0.000000e+00 6.816128e+01 -3.085646e+01
