7.383571e+01 0.000000e+00 4.030529e+01 3.353042e+01
8.996199e+00 0.000000e+00 4.030529e+01 -3.130909e+01
1.544344e+02 0.000000e+00 1.321765e+02 2.225790e+01
1.119823e+02 0.000000e+00 1.321765e+02 -2.019418e+01
3.350232e+01 0.000000e+00 -2.186343e+01 5.536574e+01
-7.408268e+01 0.000000e+00 -2.186343e+01 -5.221925e+01
3.422721e+02 2.887912e+02 2.887912e+02 3.422721e+02
2.256003e+02 2.887912e+02 2.887912e+02 2.256003e+02
8.500885e+01 0.000000e+00 1.504538e+02 -6.544500e+01
2.225683e+02 0.000000e+00 1.504538e+02 7.211442e+01
9.058600e+01 0.000000e+00 7.287689e+01 1.770912e+01
5.444785e+01 0.000000e+00 7.287689e+01 -1.842903e+01
7.203772e+01 0.000000e+00 8.000966e+01 -7.971940e+00
8.752032e+01 0.000000e+00 8.000966e+01 7.510660e+00
9.261479e+01 0.000000e+00 6.027770e+01 3.233710e+01
2.519525e+01 0.000000e+00 6.027770e+01 -3.508244e+01
1.053740e+02 0.000000e+00 1.115093e+02 -6.135276e+00
1.172514e+02 0.000000e+00 1.115093e+02 5.742152e+00
5.200100e+01 0.000000e+00 8.495749e+01 -3.295649e+01
1.095562e+02 0.000000e+00 8.495749e+01 2.459867e+01
1.516449e+02 0.000000e+00 1.072865e+02 4.435843e+01
6.986177e+01 0.000000e+00 1.072865e+02 -3.742474e+01
2.063715e+02 0.000000e+00 1.788017e+02 2.756977e+01
1.502217e+02 0.000000e+00 1.788017e+02 -2.858003e+01
1.120431e+02 0.000000e+00 1.189617e+02 -6.918660e+00
1.264736e+02 0.000000e+00 1.189617e+02 7.511899e+00
8.750833e+01 0.000000e+00 8.464086e+01 2.867469e+00
8.230026e+01 0.000000e+00 8.464086e+01 -2.340603e+00
2.429886e+02 0.000000e+00 2.365880e+02 6.400628e+00
2.310822e+02 0.000000e+00 2.365880e+02 -5.505798e+00
7.540347e+01 0.000000e+00 8.366248e+01 -8.259004e+00
9.038168e+01 0.000000e+00 8.366248e+01 6.719207e+00
1.540214e+02 0.000000e+00 1.369342e+02 1.708717e+01
1.254268e+02 0.000000e+00 1.369342e+02 -1.150740e+01
7.737158e+01 0.000000e+00 6.489251e+01 1.247907e+01
5.257691e+01 0.000000e+00 6.489251e+01 -1.231560e+01
1.707275e+02 0.000000e+00 1.464338e+02 2.429364e+01
1.323465e+02 0.000000e+00 1.464338e+02 -1.408732e+01
1.257150e+02 0.000000e+00 9.555226e+01 3.016271e+01
6.165041e+01 0.000000e+00 9.555226e+01 -3.390184e+01
1.629739e+02 0.000000e+00 1.497117e+02 1.326211e+01
1.373119e+02 0.000000e+00 1.497117e+02 -1.239983e+01
1.150437e+02 0.000000e+00 6.184074e+01 5.320291e+01
1.351632e+01 0.000000e+00 6.184074e+01 -4.832442e+01
4.132632e+01 0.000000e+00 5.435944e+01 -1.303312e+01
6.800647e+01 0.000000e+00 5.435944e+01 1.364703e+01
8.954421e+01 0.000000e+00 9.338838e+01 -3.844177e+00
9.631892e+01 0.000000e+00 9.338838e+01 2.930540e+00
3.708622e+01 0.000000e+00 4.721091e+01 -1.012468e+01
6.030111e+01 0.000000e+00 4.721091e+01 1.309020e+01
1.044650e+02 0.000000e+00 7.575920e+01 2.870579e+01
4.699269e+01 0.000000e+00 7.575920e+01 -2.876651e+01
