2.510195e+02 4.117631e+02 4.117631e+02 2.510195e+02
5.194116e+02 4.117631e+02 4.117631e+02 5.194116e+02
1.079817e+02 0.000000e+00 -4.212841e+00 1.121946e+02
-1.021250e+02 0.000000e+00 -4.212841e+00 -9.791219e+01
-4.194481e+02 0.000000e+00 -2.510466e+02 -1.684015e+02
-1.264415e+02 0.000000e+00 -2.510466e+02 1.246051e+02
-1.487341e+02 0.000000e+00 -4.658645e+01 -1.021477e+02
3.388626e+01 0.000000e+00 -4.658645e+01 8.047271e+01
2.401015e+02 0.000000e+00 1.148968e+02 1.252047e+02
-6.945718e+01 0.000000e+00 1.148968e+02 -1.843540e+02
-1.761677e+02 0.000000e+00 2.928127e+01 -2.054490e+02
2.489415e+02 0.000000e+00 2.928127e+01 2.196602e+02
1.237912e+02 0.000000e+00 2.056121e+02 -8.182088e+01
5.410492e+02 0.000000e+00 2.056121e+02 3.354371e+02
2.555793e+02 0.000000e+00 3.806068e+02 -1.250275e+02
5.508982e+02 0.000000e+00 3.806068e+02 1.702914e+02
1.378304e+01 0.000000e+00 -1.498088e+00 1.528113e+01
-1.645033e+01 0.000000e+00 -1.498088e+00 -1.495224e+01
-5.038601e+00 0.000000e+00 4.579473e+01 -5.083333e+01
8.400537e+01 0.000000e+00 4.579473e+01 3.821064e+01
-7.523924e+01 0.000000e+00 -9.571633e+01 2.047709e+01
-1.067345e+02 0.000000e+00 -9.571633e+01 -1.101814e+01
-5.980354e+00 0.000000e+00 6.280687e+01 -6.878723e+01
2.740083e+02 0.000000e+00 6.280687e+01 2.112015e+02
-1.285296e+01 0.000000e+00 -9.130155e+01 7.844859e+01
-1.656538e+02 0.000000e+00 -9.130155e+01 -7.435223e+01
-4.842329e+01 0.000000e+00 -1.240263e+02 7.560300e+01
-1.984745e+02 0.000000e+00 -1.240263e+02 -7.444820e+01
2.106798e+01 0.000000e+00 3.247035e+01 -1.140237e+01
4.649636e+01 0.000000e+00 3.247035e+01 1.402601e+01
8.828297e+01 0.000000e+00 1.247842e+01 7.580455e+01
-5.677320e+01 0.000000e+00 1.247842e+01 -6.925162e+01
8.735234e+01 0.000000e+00 1.126583e+02 -2.530599e+01
1.462206e+02 0.000000e+00 1.126583e+02 3.356231e+01
4.442318e+01 0.000000e+00 -4.969116e+01 9.411434e+01
-2.464805e+02 0.000000e+00 -4.969116e+01 -1.967894e+02
-3.650435e+01 0.000000e+00 -1.945169e+01 -1.705265e+01
-6.198425e+00 0.000000e+00 -1.945169e+01 1.325327e+01
3.769482e+02 0.000000e+00 1.296011e+02 2.473470e+02
-8.939204e+01 0.000000e+00 1.296011e+02 -2.189931e+02
2.173279e+01 0.000000e+00 -3.464233e+00 2.519702e+01
-2.536609e+01 0.000000e+00 -3.464233e+00 -2.190186e+01
2.000081e+02 0.000000e+00 3.895654e+01 1.610516e+02
-1.938724e+02 0.000000e+00 3.895654e+01 -2.328290e+02
1.305796e+02 0.000000e+00 8.855321e+01 4.202635e+01
3.299306e+01 0.000000e+00 8.855321e+01 -5.556014e+01
6.521172e+01 0.000000e+00 -1.383211e+01 7.904384e+01
-1.032351e+02 0.000000e+00 -1.383211e+01 -8.940297e+01
7.877390e+00 0.000000e+00 4.414186e-01 7.435971e+00
-9.864553e+00 0.000000e+00 4.414186e-01 -1.030597e+01
7.872051e+01 0.000000e+00 4.608580e+01 3.263471e+01
9.487762e+00 0.000000e+00 4.608580e+01 -3.659804e+01
