1.011582e+02 0.000000e+00 1.989436e+00 9.916875e+01
-7.298331e+01 0.000000e+00 1.989436e+00 -7.497274e+01
-2.789559e+01 0.000000e+00 -1.492113e+01 -1.297446e+01
-5.923993e+00 0.000000e+00 -1.492113e+01 8.997141e+00
8.905138e+01 0.000000e+00 -3.341687e+00 9.239307e+01
-9.119630e+01 0.000000e+00 -3.341687e+00 -8.785462e+01
4.766552e+01 0.000000e+00 5.994800e+01 -1.228248e+01
7.081823e+01 0.000000e+00 5.994800e+01 1.087023e+01
-4.671261e+00 0.000000e+00 -5.975346e+01 5.508220e+01
-1.358900e+02 0.000000e+00 -5.975346e+01 -7.613651e+01
3.688057e+01 0.000000e+00 9.890510e+00 2.699006e+01
-2.359694e+01 0.000000e+00 9.890510e+00 -3.348745e+01
2.315954e+01 0.000000e+00 6.268587e+01 -3.952633e+01
2.219192e+02 0.000000e+00 6.268587e+01 1.592333e+02
2.665487e+01 0.000000e+00 5.112746e+01 -2.447259e+01
9.052454e+01 0.000000e+00 5.112746e+01 3.939708e+01
-5.609821e+01 0.000000e+00 -2.548843e+01 -3.060979e+01
5.466398e+00 0.000000e+00 -2.548843e+01 3.095483e+01
1.919010e+02 0.000000e+00 6.810438e+01 1.237967e+02
-6.964886e+00 0.000000e+00 6.810438e+01 -7.506926e+01
7.736429e+00 0.000000e+00 1.032397e+01 -2.587543e+00
1.355633e+01 0.000000e+00 1.032397e+01 3.232353e+00
2.044572e+01 0.000000e+00 2.568311e+01 -5.237387e+00
4.302927e+01 0.000000e+00 2.568311e+01 1.734617e+01
-1.376845e+02 0.000000e+00 -3.575383e+01 -1.019307e+02
9.452229e+01 0.000000e+00 -3.575383e+01 1.302761e+02
2.394018e+02 2.403366e+02 2.403366e+02 2.394018e+02
2.416132e+02 2.403366e+02 2.403366e+02 2.416132e+02
-1.521412e+01 0.000000e+00 -8.048596e+00 -7.165525e+00
1.699026e+00 0.000000e+00 -8.048596e+00 9.747622e+00
6.175855e+01 0.000000e+00 5.956654e+01 2.192013e+00
5.783749e+01 0.000000e+00 5.956654e+01 -1.729053e+00
2.798620e+01 0.000000e+00 -1.101888e+01 3.900508e+01
-3.539739e+01 0.000000e+00 -1.101888e+01 -2.437851e+01
2.749600e+01 0.000000e+00 -1.864971e+01 4.614571e+01
-8.515683e+01 0.000000e+00 -1.864971e+01 -6.650712e+01
-1.897144e+00 0.000000e+00 -1.009562e+02 9.905905e+01
-1.544395e+02 0.000000e+00 -1.009562e+02 -5.348328e+01
2.090240e+00 0.000000e+00 5.283040e+01 -5.074016e+01
8.610727e+01 0.000000e+00 5.283040e+01 3.327687e+01
8.877620e-01 0.000000e+00 -4.954698e+01 5.043474e+01
-8.721854e+01 0.000000e+00 -4.954698e+01 -3.767156e+01
1.622695e+02 0.000000e+00 6.825191e+01 9.401758e+01
-3.178364e+01 0.000000e+00 6.825191e+01 -1.000355e+02
-5.692201e+01 0.000000e+00 1.256252e+01 -6.948453e+01
1.048424e+02 0.000000e+00 1.256252e+01 9.227987e+01
-9.185186e+00 0.000000e+00 -4.250422e+01 3.331903e+01
-8.099910e+01 0.000000e+00 -4.250422e+01 -3.849488e+01
-7.403709e+01 0.000000e+00 -6.402478e+01 -1.001231e+01
-4.775999e+01 0.000000e+00 -6.402478e+01 1.626479e+01
1.098643e+02 0.000000e+00 5.952703e+01 5.033729e+01
3.891335e+00 0.000000e+00 5.952703e+01 -5.563570e+01
