5.168012e+01 0.000000e+00 1.009955e+02 -4.931535e+01
1.418721e+02 0.000000e+00 1.009955e+02 4.087663e+01
5.082472e+01 0.000000e+00 -3.675430e+01 8.757902e+01
-9.222108e+01 0.000000e+00 -3.675430e+01 -5.546679e+01
6.972755e+01 0.000000e+00 -4.104836e+01 1.107759e+02
-1.476252e+02 0.000000e+00 -4.104836e+01 -1.065768e+02
2.810036e+01 0.000000e+00 5.751522e+01 -2.941486e+01
9.842582e+01 0.000000e+00 5.751522e+01 4.091060e+01
-2.558236e+01 0.000000e+00 -3.880574e+01 1.322338e+01
-5.763511e+01 0.000000e+00 -3.880574e+01 -1.882936e+01
-1.581324e+00 0.000000e+00 4.199352e+01 -4.357484e+01
1.034862e+02 0.000000e+00 4.199352e+01 6.149273e+01
3.107986e+01 0.000000e+00 7.963622e+01 -4.855636e+01
2.367514e+02 0.000000e+00 7.963622e+01 1.571152e+02
1.600003e+02 0.000000e+00 2.118029e+02 -5.180266e+01
2.828426e+02 0.000000e+00 2.118029e+02 7.103966e+01
-1.405453e+01 0.000000e+00 -4.212133e+00 -9.842394e+00
7.182304e+00 0.000000e+00 -4.212133e+00 1.139444e+01
5.274608e+01 0.000000e+00 1.165313e+02 -6.378519e+01
1.532219e+02 0.000000e+00 1.165313e+02 3.669067e+01
-6.340018e+01 0.000000e+00 6.372261e+00 -6.977244e+01
8.782808e+01 0.000000e+00 6.372261e+00 8.145582e+01
6.534236e+01 0.000000e+00 9.800909e+01 -3.266673e+01
2.230275e+02 0.000000e+00 9.800909e+01 1.250184e+02
1.073941e+02 0.000000e+00 3.287722e+01 7.451684e+01
-7.033369e+01 0.000000e+00 3.287722e+01 -1.032109e+02
-1.836380e+00 0.000000e+00 5.986975e+00 -7.823355e+00
1.579673e+01 0.000000e+00 5.986975e+00 9.809752e+00
6.050116e+01 0.000000e+00 7.750413e+01 -1.700297e+01
9.426450e+01 0.000000e+00 7.750413e+01 1.676038e+01
3.441042e+02 3.444277e+02 3.444277e+02 3.441042e+02
3.447933e+02 3.444277e+02 3.444277e+02 3.447933e+02
9.983028e+01 0.000000e+00 -2.369926e+01 1.235295e+02
-7.730165e+01 0.000000e+00 -2.369926e+01 -5.360239e+01
1.229263e+02 0.000000e+00 7.441086e+01 4.851541e+01
1.563553e+01 0.000000e+00 7.441086e+01 -5.877533e+01
1.245147e+02 0.000000e+00 1.321443e+01 1.113003e+02
-7.810851e+01 0.000000e+00 1.321443e+01 -9.132294e+01
-1.539346e+02 0.000000e+00 -2.567567e+01 -1.282589e+02
9.534498e+01 0.000000e+00 -2.567567e+01 1.210206e+02
-6.743357e+01 0.000000e+00 3.301945e+01 -1.004530e+02
9.206919e+01 0.000000e+00 3.301945e+01 5.904974e+01
2.541186e+02 0.000000e+00 2.035210e+02 5.059755e+01
1.631448e+02 0.000000e+00 2.035210e+02 -4.037622e+01
1.216683e+02 0.000000e+00 1.477517e+02 -2.608340e+01
1.898954e+02 0.000000e+00 1.477517e+02 4.214369e+01
7.375521e+01 0.000000e+00 2.566116e+01 4.809405e+01
-4.905243e+01 0.000000e+00 2.566116e+01 -7.471359e+01
-9.489076e+00 0.000000e+00 -5.471485e+01 4.522577e+01
-1.058880e+02 0.000000e+00 -5.471485e+01 -5.117319e+01
7.801416e+01 0.000000e+00 1.190171e+02 -4.100298e+01
1.538160e+02 0.000000e+00 1.190171e+02 3.479888e+01
