5.248536e+01 0.000000e+00 8.277112e+01 -3.028576e+01
1.126431e+02 0.000000e+00 8.277112e+01 2.987197e+01
4.446915e+01 0.000000e+00 -1.128788e+01 5.575703e+01
-5.258708e+01 0.000000e+00 -1.128788e+01 -4.129920e+01
-3.958839e+01 0.000000e+00 -7.887147e+01 3.928308e+01
-1.139602e+02 0.000000e+00 -7.887147e+01 -3.508868e+01
3.879269e+01 0.000000e+00 6.544467e+01 -2.665198e+01
9.251990e+01 0.000000e+00 6.544467e+01 2.707523e+01
7.631147e+01 0.000000e+00 4.756542e+00 7.155492e+01
-8.904799e+01 0.000000e+00 4.756542e+00 -9.380453e+01
-2.403956e+01 0.000000e+00 1.408890e+01 -3.812846e+01
6.523056e+01 0.000000e+00 1.408890e+01 5.114166e+01
8.529608e+01 0.000000e+00 8.631457e+01 -1.018490e+00
7.737824e+01 0.000000e+00 8.631457e+01 -8.936327e+00
1.329833e+02 0.000000e+00 4.731015e+01 8.567311e+01
-5.703379e+01 0.000000e+00 4.731015e+01 -1.043439e+02
-3.331599e+01 0.000000e+00 2.863896e+01 -6.195495e+01
8.627961e+01 0.000000e+00 2.863896e+01 5.764065e+01
-2.232587e+01 0.000000e+00 -3.074309e+01 8.417222e+00
-3.759193e+01 0.000000e+00 -3.074309e+01 -6.848836e+00
-5.810666e+01 0.000000e+00 -4.514637e+01 -1.296029e+01
-3.687854e+01 0.000000e+00 -4.514637e+01 8.267830e+00
2.748563e+01 0.000000e+00 4.980603e+01 -2.232040e+01
1.410421e+02 0.000000e+00 4.980603e+01 9.123605e+01
2.068830e+01 0.000000e+00 1.224764e+01 8.440660e+00
5.988967e+00 0.000000e+00 1.224764e+01 -6.258671e+00
-5.019403e+01 0.000000e+00 -2.749572e+01 -2.269831e+01
-1.693306e+00 0.000000e+00 -2.749572e+01 2.580241e+01
7.610321e+00 0.000000e+00 1.796221e+01 -1.035189e+01
2.986336e+01 0.000000e+00 1.796221e+01 1.190115e+01
7.256106e+01 0.000000e+00 4.400372e+01 2.855734e+01
1.837828e+01 0.000000e+00 4.400372e+01 -2.562544e+01
4.704606e+01 0.000000e+00 4.891512e+01 -1.869052e+00
4.695916e+01 0.000000e+00 4.891512e+01 -1.955954e+00
-3.577467e+01 0.000000e+00 -4.478679e+01 9.012125e+00
-5.504655e+01 0.000000e+00 -4.478679e+01 -1.025976e+01
-3.432123e+01 0.000000e+00 -4.285384e+01 8.532610e+00
-4.875860e+01 0.000000e+00 -4.285384e+01 -5.904753e+00
-5.273625e+00 0.000000e+00 -1.623337e+01 1.095975e+01
-2.689306e+01 0.000000e+00 -1.623337e+01 -1.065968e+01
2.404183e+02 2.641769e+02 2.641769e+02 2.404183e+02
2.816074e+02 2.641769e+02 2.641769e+02 2.816074e+02
5.543985e+01 0.000000e+00 2.927286e+01 2.616699e+01
-1.344868e+00 0.000000e+00 2.927286e+01 -3.061773e+01
8.738051e+01 0.000000e+00 9.029292e+01 -2.912406e+00
9.378974e+01 0.000000e+00 9.029292e+01 3.496819e+00
2.843711e+01 0.000000e+00 1.136275e+01 1.707436e+01
-4.725981e+00 0.000000e+00 1.136275e+01 -1.608873e+01
3.332900e+01 0.000000e+00 -1.087338e+00 3.441634e+01
-4.685492e+01 0.000000e+00 -1.087338e+00 -4.576758e+01
-9.068220e+00 0.000000e+00 -1.896290e+01 9.894684e+00
-3.064550e+01 0.000000e+00 -1.896290e+01 -1.168259e+01
