3.863131e+01 0.000000e+00 7.100178e+01 -3.237047e+01
1.024701e+02 0.000000e+00 7.100178e+01 3.146835e+01
3.652173e+01 0.000000e+00 -2.053207e+01 5.705380e+01
-5.121780e+01 0.000000e+00 -2.053207e+01 -3.068573e+01
1.993750e+02 0.000000e+00 1.319830e+02 6.739200e+01
7.420497e+01 0.000000e+00 1.319830e+02 -5.777805e+01
-7.731612e+00 0.000000e+00 7.293672e+00 -1.502528e+01
2.432413e+01 0.000000e+00 7.293672e+00 1.703046e+01
-1.597371e+01 0.000000e+00 -6.642967e+01 5.045596e+01
-1.224933e+02 0.000000e+00 -6.642967e+01 -5.606366e+01
7.238433e+01 0.000000e+00 5.741794e+01 1.496639e+01
3.862665e+01 0.000000e+00 5.741794e+01 -1.879129e+01
1.514887e+02 2.263018e+02 2.263018e+02 1.514887e+02
5.063113e+02 2.263018e+02 2.263018e+02 5.063113e+02
-6.468158e+01 0.000000e+00 3.549427e+01 -1.001758e+02
1.446122e+02 0.000000e+00 3.549427e+01 1.091179e+02
6.685300e+01 0.000000e+00 6.056787e+01 6.285122e+00
5.515332e+01 0.000000e+00 6.056787e+01 -5.414555e+00
1.648556e+02 0.000000e+00 8.958640e+01 7.526916e+01
4.310520e+01 0.000000e+00 8.958640e+01 -4.648120e+01
-4.738423e+01 0.000000e+00 -3.014447e+01 -1.723975e+01
-1.504107e+01 0.000000e+00 -3.014447e+01 1.510340e+01
-1.345114e+01 0.000000e+00 6.760468e+00 -2.021161e+01
1.111242e+02 0.000000e+00 6.760468e+00 1.043637e+02
-1.441806e+01 0.000000e+00 -4.124823e+01 2.683017e+01
-6.780840e+01 0.000000e+00 -4.124823e+01 -2.656016e+01
-5.212458e+01 0.000000e+00 1.997281e+01 -7.209739e+01
1.056123e+02 0.000000e+00 1.997281e+01 8.563947e+01
6.574235e+01 0.000000e+00 7.628082e+01 -1.053847e+01
9.244815e+01 0.000000e+00 7.628082e+01 1.616734e+01
1.537855e+02 0.000000e+00 1.057519e+02 4.803362e+01
6.496394e+01 0.000000e+00 1.057519e+02 -4.078795e+01
5.198404e+01 0.000000e+00 3.557521e+01 1.640883e+01
2.171103e+01 0.000000e+00 3.557521e+01 -1.386418e+01
2.019806e+01 0.000000e+00 -1.659952e+01 3.679758e+01
-4.049364e+01 0.000000e+00 -1.659952e+01 -2.389412e+01
-6.473270e+01 0.000000e+00 8.728302e+00 -7.346100e+01
3.706701e+01 0.000000e+00 8.728302e+00 2.833871e+01
-9.310851e+01 0.000000e+00 -7.365612e+01 -1.945239e+01
-5.118067e+01 0.000000e+00 -7.365612e+01 2.247545e+01
6.948558e+01 0.000000e+00 -5.136815e+01 1.208537e+02
-1.264331e+02 0.000000e+00 -5.136815e+01 -7.506494e+01
1.250139e+02 0.000000e+00 6.410239e+01 6.091151e+01
2.951441e+00 0.000000e+00 6.410239e+01 -6.115095e+01
9.860535e+01 0.000000e+00 1.073674e+02 -8.762047e+00
1.161301e+02 0.000000e+00 1.073674e+02 8.762749e+00
6.513270e+01 0.000000e+00 4.702002e+01 1.811268e+01
2.754620e+01 0.000000e+00 4.702002e+01 -1.947382e+01
-2.012280e+00 0.000000e+00 -3.522051e+00 1.509771e+00
-5.673691e+00 0.000000e+00 -3.522051e+00 -2.151639e+00
-8.304855e+01 0.000000e+00 -4.740555e+01 -3.564301e+01
-7.918435e+00 0.000000e+00 -4.740555e+01 3.948711e+01
