2.094268e+00 0.000000e+00 6.334624e+01 -6.125197e+01
1.209932e+02 0.000000e+00 6.334624e+01 5.764693e+01
6.508121e+01 0.000000e+00 -1.304965e+01 7.813086e+01
-7.407056e+01 0.000000e+00 -1.304965e+01 -6.102091e+01
2.337291e+01 0.000000e+00 -1.297802e+01 3.635093e+01
-4.517136e+01 0.000000e+00 -1.297802e+01 -3.219334e+01
1.498136e+01 0.000000e+00 2.292854e+01 -7.947180e+00
3.332828e+01 0.000000e+00 2.292854e+01 1.039974e+01
1.146997e+02 0.000000e+00 2.966840e+01 8.503134e+01
-6.027083e+01 0.000000e+00 2.966840e+01 -8.993923e+01
-2.081388e+01 0.000000e+00 1.433921e+01 -3.515310e+01
4.507634e+01 0.000000e+00 1.433921e+01 3.073713e+01
1.960136e+00 0.000000e+00 1.565049e+01 -1.369035e+01
5.998569e+01 0.000000e+00 1.565049e+01 4.433520e+01
2.928690e+02 0.000000e+00 1.850995e+02 1.077695e+02
5.477077e+01 0.000000e+00 1.850995e+02 -1.303288e+02
1.700798e+02 2.106224e+02 2.106224e+02 1.700798e+02
2.526542e+02 2.106224e+02 2.106224e+02 2.526542e+02
-2.591496e+01 0.000000e+00 2.488498e+01 -5.079994e+01
6.866292e+01 0.000000e+00 2.488498e+01 4.377793e+01
9.663607e+01 0.000000e+00 9.668417e+01 -4.810333e-02
9.671306e+01 0.000000e+00 9.668417e+01 2.888489e-02
7.316153e+01 0.000000e+00 7.528493e+01 -2.123398e+00
8.685426e+01 0.000000e+00 7.528493e+01 1.156933e+01
-1.824955e+01 0.000000e+00 7.534817e+00 -2.578437e+01
3.796049e+01 0.000000e+00 7.534817e+00 3.042567e+01
-3.458760e+01 0.000000e+00 -2.088887e+01 -1.369874e+01
-6.148681e+00 0.000000e+00 -2.088887e+01 1.474019e+01
5.920704e+00 0.000000e+00 -2.247601e+01 2.839672e+01
-6.947302e+01 0.000000e+00 -2.247601e+01 -4.699701e+01
6.591965e+00 0.000000e+00 3.009089e+01 -2.349893e+01
4.802485e+01 0.000000e+00 3.009089e+01 1.793395e+01
-4.587851e-01 0.000000e+00 1.197113e+01 -1.242991e+01
2.231498e+01 0.000000e+00 1.197113e+01 1.034385e+01
1.224204e+02 0.000000e+00 6.761154e+01 5.480885e+01
-9.528505e+00 0.000000e+00 6.761154e+01 -7.714005e+01
3.976909e+01 0.000000e+00 -7.562301e+01 1.153921e+02
-1.263605e+02 0.000000e+00 -7.562301e+01 -5.073746e+01
9.688794e+01 0.000000e+00 1.254525e+01 8.434269e+01
-1.182711e+02 0.000000e+00 1.254525e+01 -1.308163e+02
1.461390e+02 0.000000e+00 1.406979e+02 5.441086e+00
1.359609e+02 0.000000e+00 1.406979e+02 -4.736984e+00
1.816944e+02 0.000000e+00 7.189675e+01 1.097976e+02
-2.596903e+01 0.000000e+00 7.189675e+01 -9.786578e+01
1.145872e+02 0.000000e+00 1.009694e+02 1.361777e+01
8.550093e+01 0.000000e+00 1.009694e+02 -1.546845e+01
3.813490e+01 0.000000e+00 2.529490e+01 1.283999e+01
1.382151e+01 0.000000e+00 2.529490e+01 -1.147339e+01
8.503392e+01 0.000000e+00 1.953836e+01 6.549556e+01
-5.183158e+01 0.000000e+00 1.953836e+01 -7.136994e+01
1.494806e+01 0.000000e+00 3.307776e+00 1.164028e+01
-8.942404e+00 0.000000e+00 3.307776e+00 -1.225018e+01
