-2.418335e+00 0.000000e+00 3.871298e+01 -4.113132e+01
8.515595e+01 0.000000e+00 3.871298e+01 4.644297e+01
-1.450723e+01 0.000000e+00 1.579578e+01 -3.030301e+01
3.201346e+01 0.000000e+00 1.579578e+01 1.621768e+01
7.588030e+01 0.000000e+00 -1.358574e+01 8.946604e+01
-1.067086e+02 0.000000e+00 -1.358574e+01 -9.312287e+01
1.879281e+01 0.000000e+00 2.972888e+01 -1.093607e+01
3.833971e+01 0.000000e+00 2.972888e+01 8.610828e+00
3.868999e+00 0.000000e+00 3.279710e+01 -2.892810e+01
5.759734e+01 0.000000e+00 3.279710e+01 2.480024e+01
5.355407e+00 0.000000e+00 3.455393e+00 1.900014e+00
8.419127e-01 0.000000e+00 3.455393e+00 -2.613480e+00
-2.735058e+01 0.000000e+00 -2.007943e+00 -2.534264e+01
8.837103e+01 0.000000e+00 -2.007943e+00 9.037898e+01
-9.343057e+01 0.000000e+00 -7.791218e+01 -1.551839e+01
-5.759088e+01 0.000000e+00 -7.791218e+01 2.032130e+01
-6.277708e+01 0.000000e+00 -1.464685e+01 -4.813023e+01
2.258245e+01 0.000000e+00 -1.464685e+01 3.722930e+01
-3.712876e+01 0.000000e+00 1.783854e+01 -5.496730e+01
6.592699e+01 0.000000e+00 1.783854e+01 4.808845e+01
-3.385101e+01 0.000000e+00 -2.731846e+00 -3.111917e+01
3.380303e+01 0.000000e+00 -2.731846e+00 3.653488e+01
-2.031707e+01 0.000000e+00 5.918411e+00 -2.623548e+01
1.119096e+02 0.000000e+00 5.918411e+00 1.059911e+02
-1.003922e+00 0.000000e+00 8.671598e+00 -9.675520e+00
1.896974e+01 0.000000e+00 8.671598e+00 1.029814e+01
-4.650579e+01 0.000000e+00 -3.616799e+01 -1.033780e+01
-2.581278e+01 0.000000e+00 -3.616799e+01 1.035521e+01
1.220964e+02 0.000000e+00 4.590071e+01 7.619566e+01
-4.719449e+01 0.000000e+00 4.590071e+01 -9.309520e+01
-1.750280e+01 0.000000e+00 6.753082e+00 -2.425589e+01
2.912450e+01 0.000000e+00 6.753082e+00 2.237141e+01
-2.875977e+01 0.000000e+00 -2.608658e+01 -2.673189e+00
-2.386560e+01 0.000000e+00 -2.608658e+01 2.220980e+00
-6.170555e+01 0.000000e+00 -6.593249e+01 4.226933e+00
-7.047025e+01 0.000000e+00 -6.593249e+01 -4.537758e+00
8.074295e+00 0.000000e+00 -4.608896e+01 5.416325e+01
-6.661568e+01 0.000000e+00 -4.608896e+01 -2.052672e+01
1.387516e+02 1.541245e+02 1.541245e+02 1.387516e+02
1.683568e+02 1.541245e+02 1.541245e+02 1.683568e+02
3.099007e+00 0.000000e+00 -4.022812e+01 4.332713e+01
-7.955464e+01 0.000000e+00 -4.022812e+01 -3.932652e+01
-2.342149e+01 0.000000e+00 9.597171e+00 -3.301866e+01
3.978415e+01 0.000000e+00 9.597171e+00 3.018697e+01
-4.822191e+00 0.000000e+00 2.819300e+01 -3.301519e+01
8.609903e+01 0.000000e+00 2.819300e+01 5.790603e+01
-4.173838e+01 0.000000e+00 -2.630809e+01 -1.543029e+01
-1.486097e+01 0.000000e+00 -2.630809e+01 1.144712e+01
-4.417929e+00 0.000000e+00 -3.137388e+01 2.695595e+01
-7.435423e+01 0.000000e+00 -3.137388e+01 -4.298035e+01
4.900088e+01 0.000000e+00 3.155379e+01 1.744709e+01
1.252219e+01 0.000000e+00 3.155379e+01 -1.903160e+01
