1.779791e+02 0.000000e+00 1.329890e+02 4.499011e+01
9.122633e+01 0.000000e+00 1.329890e+02 -4.176263e+01
1.628390e+01 0.000000e+00 -3.765078e+01 5.393468e+01
-6.537826e+01 0.000000e+00 -3.765078e+01 -2.772747e+01
-1.296927e+02 0.000000e+00 -1.434602e+02 1.376741e+01
-1.582502e+02 0.000000e+00 -1.434602e+02 -1.479008e+01
-7.005074e+01 0.000000e+00 -1.381708e+00 -6.866904e+01
5.404258e+01 0.000000e+00 -1.381708e+00 5.542428e+01
2.713908e+01 0.000000e+00 -3.107217e+01 5.821125e+01
-9.557764e+01 0.000000e+00 -3.107217e+01 -6.450547e+01
-1.303647e+02 0.000000e+00 -3.374304e+01 -9.662163e+01
8.944151e+01 0.000000e+00 -3.374304e+01 1.231846e+02
1.023901e+02 0.000000e+00 6.298634e+01 3.940372e+01
-9.333422e+01 0.000000e+00 6.298634e+01 -1.563206e+02
2.776997e+02 0.000000e+00 2.786514e+01 2.498346e+02
-3.197948e+02 0.000000e+00 2.786514e+01 -3.476599e+02
-2.175069e+01 0.000000e+00 5.043212e+01 -7.218281e+01
1.128950e+02 0.000000e+00 5.043212e+01 6.246288e+01
-7.825120e+01 0.000000e+00 -9.883792e+01 2.058672e+01
-1.177496e+02 0.000000e+00 -9.883792e+01 -1.891171e+01
-3.602216e+01 0.000000e+00 -2.477462e+01 -1.124754e+01
-1.427419e+01 0.000000e+00 -2.477462e+01 1.050043e+01
1.086901e+01 0.000000e+00 4.388138e+01 -3.301238e+01
1.745070e+02 0.000000e+00 4.388138e+01 1.306256e+02
5.041713e+01 0.000000e+00 5.184034e+01 -1.423218e+00
5.364467e+01 0.000000e+00 5.184034e+01 1.804325e+00
2.719742e+01 0.000000e+00 6.131802e+00 2.106562e+01
-1.686233e+01 0.000000e+00 6.131802e+00 -2.299413e+01
5.317410e+00 0.000000e+00 3.571213e+00 1.746197e+00
7.033350e-01 0.000000e+00 3.571213e+00 -2.867877e+00
1.004565e+02 0.000000e+00 4.989929e+01 5.055718e+01
4.542248e+00 0.000000e+00 4.989929e+01 -4.535704e+01
4.243707e+01 0.000000e+00 4.867129e+01 -6.234226e+00
5.355642e+01 0.000000e+00 4.867129e+01 4.885128e+00
3.896370e+01 0.000000e+00 -7.281342e+00 4.624504e+01
-7.199876e+01 0.000000e+00 -7.281342e+00 -6.471742e+01
3.263515e+01 0.000000e+00 1.194455e+01 2.069061e+01
-1.258148e+00 0.000000e+00 1.194455e+01 -1.320270e+01
1.391994e+02 0.000000e+00 4.106358e+01 9.813581e+01
-4.682906e+01 0.000000e+00 4.106358e+01 -8.789264e+01
1.614984e+02 2.961622e+02 2.961622e+02 1.614984e+02
3.761702e+02 2.961622e+02 2.961622e+02 3.761702e+02
-2.174516e+02 0.000000e+00 -9.755472e+01 -1.198969e+02
3.800014e+01 0.000000e+00 -9.755472e+01 1.355549e+02
1.155617e+02 0.000000e+00 5.522044e+01 6.034129e+01
-3.945325e+01 0.000000e+00 5.522044e+01 -9.467368e+01
-4.687566e+01 0.000000e+00 -4.990695e+01 3.031296e+00
-5.365264e+01 0.000000e+00 -4.990695e+01 -3.745689e+00
-6.111153e+01 0.000000e+00 -4.596298e+01 -1.514855e+01
-3.008375e+01 0.000000e+00 -4.596298e+01 1.587923e+01
8.908339e+01 0.000000e+00 6.857381e+00 8.222601e+01
-8.714267e+01 0.000000e+00 6.857381e+00 -9.400005e+01
