4.555460e+01 0.000000e+00 6.780844e+01 -2.225383e+01
8.750041e+01 0.000000e+00 6.780844e+01 1.969197e+01
6.066420e+01 0.000000e+00 1.319113e+01 4.747307e+01
-2.135472e+01 0.000000e+00 1.319113e+01 -3.454585e+01
1.166015e+02 0.000000e+00 7.201364e+01 4.458783e+01
3.042617e+01 0.000000e+00 7.201364e+01 -4.158747e+01
1.593711e+01 0.000000e+00 2.781185e+00 1.315593e+01
-1.459734e+01 0.000000e+00 2.781185e+00 -1.737853e+01
8.979543e+01 0.000000e+00 1.874049e+01 7.105495e+01
-7.584037e+01 0.000000e+00 1.874049e+01 -9.458086e+01
2.200290e+01 0.000000e+00 3.142505e+01 -9.422150e+00
4.057030e+01 0.000000e+00 3.142505e+01 9.145249e+00
5.153963e+01 0.000000e+00 8.069040e+01 -2.915078e+01
1.893941e+02 0.000000e+00 8.069040e+01 1.087037e+02
2.187624e+02 0.000000e+00 2.070267e+02 1.173564e+01
1.927938e+02 0.000000e+00 2.070267e+02 -1.423291e+01
8.892611e+00 0.000000e+00 1.085376e+01 -1.961146e+00
1.366789e+01 0.000000e+00 1.085376e+01 2.814129e+00
3.609441e+01 0.000000e+00 2.549434e+01 1.060007e+01
1.816791e+01 0.000000e+00 2.549434e+01 -7.326427e+00
-1.422554e+01 0.000000e+00 5.321172e+00 -1.954672e+01
2.356688e+01 0.000000e+00 5.321172e+00 1.824570e+01
3.673445e+01 0.000000e+00 8.799064e+01 -5.125619e+01
3.179609e+02 0.000000e+00 8.799064e+01 2.299703e+02
8.023079e+00 0.000000e+00 -9.908335e+00 1.793141e+01
-3.215022e+01 0.000000e+00 -9.908335e+00 -2.224189e+01
9.923592e+00 0.000000e+00 2.408950e+01 -1.416591e+01
3.844681e+01 0.000000e+00 2.408950e+01 1.435730e+01
2.692810e+01 0.000000e+00 3.639438e+01 -9.466285e+00
4.683364e+01 0.000000e+00 3.639438e+01 1.043925e+01
3.680840e+01 0.000000e+00 1.524908e+01 2.155931e+01
-3.994481e+00 0.000000e+00 1.524908e+01 -1.924356e+01
1.987309e+01 0.000000e+00 2.890431e+01 -9.031222e+00
3.657081e+01 0.000000e+00 2.890431e+01 7.666493e+00
2.558856e+01 0.000000e+00 -9.127905e+00 3.471647e+01
-4.799242e+01 0.000000e+00 -9.127905e+00 -3.886452e+01
1.276530e+01 0.000000e+00 -1.558000e+01 2.834530e+01
-2.913581e+01 0.000000e+00 -1.558000e+01 -1.355581e+01
-4.464672e+01 0.000000e+00 -8.301074e+00 -3.634565e+01
3.478224e+01 0.000000e+00 -8.301074e+00 4.308331e+01
3.748220e+01 0.000000e+00 2.296300e+01 1.451920e+01
1.160810e+01 0.000000e+00 2.296300e+01 -1.135491e+01
5.687064e+02 4.580783e+02 4.580783e+02 5.687064e+02
3.542526e+02 4.580783e+02 4.580783e+02 3.542526e+02
7.154063e+01 0.000000e+00 7.233317e+01 -7.925367e-01
7.936367e+01 0.000000e+00 7.233317e+01 7.030507e+00
1.218860e+01 0.000000e+00 1.004564e+01 2.142957e+00
8.489004e+00 0.000000e+00 1.004564e+01 -1.556636e+00
1.236728e+01 0.000000e+00 1.035868e+00 1.133141e+01
-1.469610e+01 0.000000e+00 1.035868e+00 -1.573196e+01
1.588090e+01 0.000000e+00 2.139304e+01 -5.512145e+00
2.538426e+01 0.000000e+00 2.139304e+01 3.991214e+00
