4.406907e+01 0.000000e+00 4.117313e+01 2.895943e+00
3.809134e+01 0.000000e+00 4.117313e+01 -3.081787e+00
8.251969e+01 0.000000e+00 4.878730e+01 3.373240e+01
2.868535e+01 0.000000e+00 4.878730e+01 -2.010195e+01
-3.350426e+01 0.000000e+00 -8.078269e+01 4.727843e+01
-1.114469e+02 0.000000e+00 -8.078269e+01 -3.066425e+01
1.980406e+01 0.000000e+00 -2.715557e-01 2.007562e+01
-1.746524e+01 0.000000e+00 -2.715557e-01 -1.719369e+01
1.212693e+02 0.000000e+00 4.882020e+01 7.244909e+01
-1.357866e+02 0.000000e+00 4.882020e+01 -1.846068e+02
-7.186736e+01 0.000000e+00 -3.430362e+01 -3.756374e+01
1.491590e+01 0.000000e+00 -3.430362e+01 4.921952e+01
-2.388869e+01 0.000000e+00 -9.678419e+00 -1.421027e+01
5.760314e+01 0.000000e+00 -9.678419e+00 6.728156e+01
-9.352116e+00 0.000000e+00 3.756989e+01 -4.692200e+01
8.138992e+01 0.000000e+00 3.756989e+01 4.382004e+01
3.590565e+00 0.000000e+00 3.197552e+01 -2.838496e+01
6.133572e+01 0.000000e+00 3.197552e+01 2.936019e+01
1.223824e+00 0.000000e+00 2.812400e+01 -2.690018e+01
5.671242e+01 0.000000e+00 2.812400e+01 2.858842e+01
1.184330e+00 0.000000e+00 4.545665e+01 -4.427232e+01
8.841043e+01 0.000000e+00 4.545665e+01 4.295378e+01
5.261600e+01 0.000000e+00 6.362608e+01 -1.101009e+01
1.064663e+02 0.000000e+00 6.362608e+01 4.284026e+01
-7.235880e+01 0.000000e+00 -6.246303e+01 -9.895771e+00
-5.521394e+01 0.000000e+00 -6.246303e+01 7.249088e+00
-9.477459e+00 0.000000e+00 6.572744e+00 -1.605020e+01
2.676387e+01 0.000000e+00 6.572744e+00 2.019113e+01
-2.842107e+01 0.000000e+00 7.246974e+00 -3.566804e+01
4.329881e+01 0.000000e+00 7.246974e+00 3.605184e+01
1.181136e+01 0.000000e+00 -7.129710e+00 1.894107e+01
-2.700613e+01 0.000000e+00 -7.129710e+00 -1.987642e+01
-4.551199e+01 0.000000e+00 -6.659841e-01 -4.484601e+01
3.096406e+01 0.000000e+00 -6.659841e-01 3.163004e+01
-5.889479e+01 0.000000e+00 -6.049934e+01 1.604549e+00
-6.180772e+01 0.000000e+00 -6.049934e+01 -1.308384e+00
-1.204197e+02 0.000000e+00 -2.494601e+01 -9.547373e+01
2.586506e+01 0.000000e+00 -2.494601e+01 5.081108e+01
7.594065e+01 0.000000e+00 1.312195e+01 6.281870e+01
-4.548086e+01 0.000000e+00 1.312195e+01 -5.860281e+01
5.774805e+01 0.000000e+00 -4.346156e+01 1.012096e+02
-1.330228e+02 0.000000e+00 -4.346156e+01 -8.956127e+01
-2.485011e+01 0.000000e+00 7.727110e+01 -1.021212e+02
1.703840e+02 0.000000e+00 7.727110e+01 9.311288e+01
2.257669e+02 2.199684e+02 2.199684e+02 2.257669e+02
2.104888e+02 2.199684e+02 2.199684e+02 2.104888e+02
-1.530957e+02 0.000000e+00 -7.484308e+01 -7.825259e+01
-1.528233e+00 0.000000e+00 -7.484308e+01 7.331485e+01
1.884786e+01 0.000000e+00 3.347198e-01 1.851314e+01
-2.836873e+01 0.000000e+00 3.347198e-01 -2.870345e+01
6.537463e+01 0.000000e+00 4.925344e+01 1.612120e+01
3.276911e+01 0.000000e+00 4.925344e+01 -1.648433e+01
