1.528911e+02 2.142031e+02 2.142031e+02 1.528911e+02
2.669648e+02 2.142031e+02 2.142031e+02 2.669648e+02
6.303540e+01 0.000000e+00 8.782043e-01 6.215719e+01
-4.783259e+01 0.000000e+00 8.782043e-01 -4.871080e+01
-9.244533e+01 0.000000e+00 -9.475447e+01 2.309144e+00
-9.404944e+01 0.000000e+00 -9.475447e+01 7.050274e-01
-6.435189e+00 0.000000e+00 2.588540e+01 -3.232059e+01
5.861344e+01 0.000000e+00 2.588540e+01 3.272804e+01
1.139180e+02 0.000000e+00 2.303685e+01 9.088116e+01
-1.138254e+02 0.000000e+00 2.303685e+01 -1.368622e+02
-8.736228e+01 0.000000e+00 3.630710e+00 -9.099298e+01
9.577052e+01 0.000000e+00 3.630710e+00 9.213981e+01
6.486823e+01 0.000000e+00 7.655948e+01 -1.169124e+01
1.228297e+02 0.000000e+00 7.655948e+01 4.627021e+01
1.444752e+02 0.000000e+00 1.845231e+02 -4.004795e+01
2.336194e+02 0.000000e+00 1.845231e+02 4.909629e+01
7.657374e+00 0.000000e+00 1.426139e+01 -6.604019e+00
2.168237e+01 0.000000e+00 1.426139e+01 7.420981e+00
-7.641701e+00 0.000000e+00 -1.257631e+01 4.934609e+00
-1.535624e+01 0.000000e+00 -1.257631e+01 -2.779926e+00
-5.236632e+01 0.000000e+00 -3.006203e+01 -2.230429e+01
-1.164231e+01 0.000000e+00 -3.006203e+01 1.841973e+01
1.611779e+01 0.000000e+00 5.925071e+01 -4.313292e+01
2.487964e+02 0.000000e+00 5.925071e+01 1.895457e+02
-4.062334e-01 0.000000e+00 -2.365020e+01 2.324397e+01
-4.670944e+01 0.000000e+00 -2.365020e+01 -2.305924e+01
-1.610116e+01 0.000000e+00 -2.972187e+01 1.362071e+01
-4.832378e+01 0.000000e+00 -2.972187e+01 -1.860191e+01
-8.077747e-01 0.000000e+00 2.155921e+01 -2.236699e+01
4.723777e+01 0.000000e+00 2.155921e+01 2.567855e+01
3.613924e+01 0.000000e+00 -9.853942e+00 4.599318e+01
-4.810515e+01 0.000000e+00 -9.853942e+00 -3.825121e+01
6.040949e+01 0.000000e+00 4.697631e+01 1.343319e+01
3.448882e+01 0.000000e+00 4.697631e+01 -1.248749e+01
-1.528726e+01 0.000000e+00 -5.495925e+01 3.967199e+01
-1.158180e+02 0.000000e+00 -5.495925e+01 -6.085879e+01
-3.858518e+01 0.000000e+00 -3.687832e+01 -1.706864e+00
-3.774791e+01 0.000000e+00 -3.687832e+01 -8.695854e-01
8.949130e+01 0.000000e+00 3.362698e+01 5.586432e+01
-1.543477e+01 0.000000e+00 3.362698e+01 -4.906176e+01
8.440982e+01 0.000000e+00 4.176765e+01 4.264217e+01
9.974780e+00 0.000000e+00 4.176765e+01 -3.179287e+01
1.728885e+02 0.000000e+00 8.191169e+01 9.097685e+01
-2.009677e+01 0.000000e+00 8.191169e+01 -1.020085e+02
6.345075e+01 0.000000e+00 5.545773e+01 7.993018e+00
4.716173e+01 0.000000e+00 5.545773e+01 -8.296000e+00
3.491865e+00 0.000000e+00 -3.271571e+00 6.763437e+00
-1.268682e+01 0.000000e+00 -3.271571e+00 -9.415249e+00
2.235390e+01 0.000000e+00 -2.062333e+00 2.441623e+01
-3.748227e+01 0.000000e+00 -2.062333e+00 -3.541994e+01
1.518842e+01 0.000000e+00 1.557130e+01 -3.828826e-01
1.846776e+01 0.000000e+00 1.557130e+01 2.896453e+00
