4.343468e+01 0.000000e+00 7.170417e+01 -2.826949e+01
9.992719e+01 0.000000e+00 7.170417e+01 2.822302e+01
6.094579e+01 0.000000e+00 1.123697e+01 4.970882e+01
-2.645728e+01 0.000000e+00 1.123697e+01 -3.769425e+01
1.028321e+02 0.000000e+00 7.125918e+01 3.157294e+01
4.226202e+01 0.000000e+00 7.125918e+01 -2.899717e+01
2.922059e+01 0.000000e+00 1.955103e+01 9.669563e+00
3.997916e+00 0.000000e+00 1.955103e+01 -1.555312e+01
8.282990e+01 0.000000e+00 9.239196e+00 7.359071e+01
-8.881151e+01 0.000000e+00 9.239196e+00 -9.805070e+01
1.555640e+01 0.000000e+00 3.404106e+01 -1.848466e+01
5.166586e+01 0.000000e+00 3.404106e+01 1.762480e+01
4.633787e+01 0.000000e+00 7.061038e+01 -2.427251e+01
1.611298e+02 0.000000e+00 7.061038e+01 9.051939e+01
4.739859e+02 4.677019e+02 4.677019e+02 4.739859e+02
4.602028e+02 4.677019e+02 4.677019e+02 4.602028e+02
1.100394e+01 0.000000e+00 1.519277e+01 -4.188834e+00
2.090632e+01 0.000000e+00 1.519277e+01 5.713552e+00
3.043159e+01 0.000000e+00 6.601856e+00 2.382974e+01
-1.032349e+01 0.000000e+00 6.601856e+00 -1.692535e+01
-1.801589e+01 0.000000e+00 -8.604561e-01 -1.715543e+01
1.446221e+01 0.000000e+00 -8.604561e-01 1.532267e+01
2.568727e+01 0.000000e+00 8.044090e+01 -5.475362e+01
3.303969e+02 0.000000e+00 8.044090e+01 2.499560e+02
-3.498357e+00 0.000000e+00 -4.864149e+00 1.365792e+00
-8.908389e+00 0.000000e+00 -4.864149e+00 -4.044241e+00
1.076427e+01 0.000000e+00 1.971342e+01 -8.949149e+00
3.041496e+01 0.000000e+00 1.971342e+01 1.070155e+01
2.210619e+01 0.000000e+00 3.442995e+01 -1.232376e+01
4.949086e+01 0.000000e+00 3.442995e+01 1.506091e+01
3.737956e+01 0.000000e+00 1.690774e+01 2.047183e+01
-2.235723e+00 0.000000e+00 1.690774e+01 -1.914346e+01
2.144241e+01 0.000000e+00 2.459328e+01 -3.150872e+00
2.737515e+01 0.000000e+00 2.459328e+01 2.781867e+00
6.753260e+00 0.000000e+00 -2.008492e+01 2.683818e+01
-4.956842e+01 0.000000e+00 -2.008492e+01 -2.948350e+01
2.471960e+01 0.000000e+00 -1.335685e+01 3.807645e+01
-3.143804e+01 0.000000e+00 -1.335685e+01 -1.808119e+01
-2.446040e+01 0.000000e+00 -3.501971e+00 -2.095843e+01
2.307767e+01 0.000000e+00 -3.501971e+00 2.657964e+01
4.171022e+01 0.000000e+00 1.382505e+01 2.788518e+01
-8.393699e+00 0.000000e+00 1.382505e+01 -2.221875e+01
3.152656e+02 0.000000e+00 2.164945e+02 9.877111e+01
1.200373e+02 0.000000e+00 2.164945e+02 -9.645726e+01
7.832571e+01 0.000000e+00 7.385305e+01 4.472658e+00
7.257832e+01 0.000000e+00 7.385305e+01 -1.274732e+00
8.672154e+00 0.000000e+00 6.427579e+00 2.244575e+00
6.399785e+00 0.000000e+00 6.427579e+00 -2.779460e-02
9.431927e+00 0.000000e+00 2.552823e+00 6.879104e+00
-7.895567e+00 0.000000e+00 2.552823e+00 -1.044839e+01
1.244701e+01 0.000000e+00 1.727902e+01 -4.832011e+00
2.169679e+01 0.000000e+00 1.727902e+01 4.417769e+00
