6.194381e+01 0.000000e+00 8.219676e+01 -2.025295e+01
1.067628e+02 0.000000e+00 8.219676e+01 2.456602e+01
1.412014e+02 0.000000e+00 9.063269e+01 5.056876e+01
6.040160e+01 0.000000e+00 9.063269e+01 -3.023109e+01
9.508389e+01 0.000000e+00 -5.200102e+01 1.470849e+02
-1.722118e+02 0.000000e+00 -5.200102e+01 -1.202108e+02
8.323294e+00 0.000000e+00 8.716875e+00 -3.935814e-01
9.151672e+00 0.000000e+00 8.716875e+00 4.347973e-01
3.447736e+01 0.000000e+00 -1.417606e+01 4.865342e+01
-6.539434e+01 0.000000e+00 -1.417606e+01 -5.121828e+01
1.189762e+01 0.000000e+00 1.296990e+01 -1.072281e+00
1.391498e+01 0.000000e+00 1.296990e+01 9.450760e-01
1.108573e+01 0.000000e+00 8.846979e+00 2.238754e+00
-8.807373e-02 0.000000e+00 8.846979e+00 -8.935053e+00
8.086769e+01 0.000000e+00 1.587517e+02 -7.788397e+01
2.245004e+02 0.000000e+00 1.587517e+02 6.574876e+01
-1.431494e+01 0.000000e+00 -2.006706e+01 5.752123e+00
-2.548505e+01 0.000000e+00 -2.006706e+01 -5.417984e+00
1.540771e+02 1.709106e+02 1.709106e+02 1.540771e+02
1.877808e+02 1.709106e+02 1.709106e+02 1.877808e+02
-9.687532e+01 0.000000e+00 2.442891e+01 -1.213042e+02
1.230125e+02 0.000000e+00 2.442891e+01 9.858360e+01
1.441873e+02 0.000000e+00 1.405441e+02 3.643188e+00
1.264705e+02 0.000000e+00 1.405441e+02 -1.407368e+01
3.635080e+01 0.000000e+00 -1.602617e+01 5.237697e+01
-6.875712e+01 0.000000e+00 -1.602617e+01 -5.273095e+01
2.039095e+01 0.000000e+00 3.292576e+01 -1.253481e+01
4.985347e+01 0.000000e+00 3.292576e+01 1.692771e+01
1.272624e+02 0.000000e+00 5.638708e+01 7.087532e+01
-3.123959e+01 0.000000e+00 5.638708e+01 -8.762667e+01
-2.730128e+01 0.000000e+00 -7.977829e+00 -1.932345e+01
1.297927e+01 0.000000e+00 -7.977829e+00 2.095710e+01
1.833053e+02 0.000000e+00 7.825916e+01 1.050462e+02
7.650360e+00 0.000000e+00 7.825916e+01 -7.060880e+01
-3.272993e+01 0.000000e+00 -4.151954e+01 8.789608e+00
-5.525964e+01 0.000000e+00 -4.151954e+01 -1.374010e+01
4.853263e+01 0.000000e+00 -8.074625e+01 1.292789e+02
-1.143086e+02 0.000000e+00 -8.074625e+01 -3.356234e+01
7.770718e+01 0.000000e+00 5.664038e+01 2.106679e+01
3.942222e+01 0.000000e+00 5.664038e+01 -1.721817e+01
1.281100e+01 0.000000e+00 -7.560915e-01 1.356709e+01
-1.256351e+01 0.000000e+00 -7.560915e-01 -1.180742e+01
3.039947e+02 0.000000e+00 2.112751e+02 9.271962e+01
1.216690e+02 0.000000e+00 2.112751e+02 -8.960606e+01
5.241911e+01 0.000000e+00 9.375050e+01 -4.133139e+01
1.560683e+02 0.000000e+00 9.375050e+01 6.231777e+01
7.844043e+01 0.000000e+00 9.373648e+01 -1.529605e+01
1.121220e+02 0.000000e+00 9.373648e+01 1.838556e+01
3.764829e+01 0.000000e+00 3.827980e+00 3.382031e+01
-4.094500e+01 0.000000e+00 3.827980e+00 -4.477298e+01
2.296735e+01 0.000000e+00 4.669689e+01 -2.372954e+01
6.709985e+01 0.000000e+00 4.669689e+01 2.040296e+01
