1.282336e+02 0.000000e+00 1.259104e+02 2.323166e+00
1.240956e+02 0.000000e+00 1.259104e+02 -1.814789e+00
-4.312361e+01 0.000000e+00 -5.049546e+01 7.371857e+00
-5.383530e+01 0.000000e+00 -5.049546e+01 -3.339840e+00
-1.995318e+02 0.000000e+00 -1.089546e+02 -9.057725e+01
-2.060337e+01 0.000000e+00 -1.089546e+02 8.835118e+01
5.554061e+01 0.000000e+00 1.344112e+01 4.209949e+01
-3.304244e+01 0.000000e+00 1.344112e+01 -4.648356e+01
-2.550077e+01 0.000000e+00 -5.769968e+01 3.219891e+01
-9.616009e+01 0.000000e+00 -5.769968e+01 -3.846041e+01
-6.529831e+01 0.000000e+00 -4.882436e+00 -6.041587e+01
5.416442e+01 0.000000e+00 -4.882436e+00 5.904686e+01
1.006503e+02 0.000000e+00 4.661417e+01 5.403613e+01
-1.541096e+02 0.000000e+00 4.661417e+01 -2.007237e+02
-1.932709e+02 0.000000e+00 -1.640041e+02 -2.926680e+01
-1.283141e+02 0.000000e+00 -1.640041e+02 3.568996e+01
3.565079e+01 0.000000e+00 6.013986e+01 -2.448907e+01
8.300589e+01 0.000000e+00 6.013986e+01 2.286603e+01
5.368806e+01 0.000000e+00 1.612792e+01 3.756015e+01
-5.093516e+00 0.000000e+00 1.612792e+01 -2.122143e+01
-8.416199e+01 0.000000e+00 -2.671045e+01 -5.745154e+01
2.595288e+01 0.000000e+00 -2.671045e+01 5.266333e+01
1.089439e-01 0.000000e+00 2.792162e+01 -2.781268e+01
1.858254e+02 0.000000e+00 2.792162e+01 1.579038e+02
-4.246159e+01 0.000000e+00 -2.498943e+01 -1.747216e+01
-7.243519e+00 0.000000e+00 -2.498943e+01 1.774591e+01
3.094742e+00 0.000000e+00 -8.985715e+01 9.295190e+01
-1.843901e+02 0.000000e+00 -8.985715e+01 -9.453292e+01
-1.758079e+02 0.000000e+00 -8.411675e+01 -9.169118e+01
1.699563e+01 0.000000e+00 -8.411675e+01 1.011124e+02
-7.251001e+01 0.000000e+00 -4.240558e+01 -3.010443e+01
-1.690125e+01 0.000000e+00 -4.240558e+01 2.550433e+01
-9.427457e+01 0.000000e+00 -5.124036e+01 -4.303421e+01
-1.333891e+01 0.000000e+00 -5.124036e+01 3.790145e+01
-1.368879e+02 0.000000e+00 -1.407622e+02 3.874313e+00
-1.442952e+02 0.000000e+00 -1.407622e+02 -3.532990e+00
-1.990139e+01 0.000000e+00 -5.235057e+01 3.244918e+01
-6.458031e+01 0.000000e+00 -5.235057e+01 -1.222974e+01
-9.811700e+01 0.000000e+00 -6.252966e+01 -3.558734e+01
-3.247467e+01 0.000000e+00 -6.252966e+01 3.005498e+01
-3.590205e+01 0.000000e+00 -6.573510e+01 2.983305e+01
-9.421361e+01 0.000000e+00 -6.573510e+01 -2.847851e+01
-4.321551e+01 0.000000e+00 7.135502e+01 -1.145705e+02
2.008728e+02 0.000000e+00 7.135502e+01 1.295178e+02
1.109372e+01 0.000000e+00 5.006348e+01 -3.896977e+01
9.760796e+01 0.000000e+00 5.006348e+01 4.754448e+01
1.453091e+02 1.850117e+02 1.850117e+02 1.453091e+02
2.222100e+02 1.850117e+02 1.850117e+02 2.222100e+02
1.003501e+02 0.000000e+00 4.940104e+01 5.094901e+01
-4.042489e+01 0.000000e+00 4.940104e+01 -8.982594e+01
-4.760992e+01 0.000000e+00 2.051402e+01 -6.812394e+01
9.786709e+01 0.000000e+00 2.051402e+01 7.735307e+01
