4.118148e+01 0.000000e+00 9.522717e+01 -5.404568e+01
1.580090e+02 0.000000e+00 9.522717e+01 6.278181e+01
1.195669e+02 0.000000e+00 -4.496233e+01 1.645292e+02
-1.664083e+02 0.000000e+00 -4.496233e+01 -1.214460e+02
8.901384e+02 7.171881e+02 7.171881e+02 8.901384e+02
5.470338e+02 7.171881e+02 7.171881e+02 5.470338e+02
6.880923e+01 0.000000e+00 1.160249e+02 -4.721567e+01
1.714923e+02 0.000000e+00 1.160249e+02 5.546740e+01
2.540326e+01 0.000000e+00 2.773232e+01 -2.329065e+00
3.013950e+01 0.000000e+00 2.773232e+01 2.407177e+00
-3.772575e+01 0.000000e+00 -1.092853e+01 -2.679722e+01
1.192073e+01 0.000000e+00 -1.092853e+01 2.284926e+01
-3.937590e+01 0.000000e+00 1.354038e+01 -5.291628e+01
2.125340e+02 0.000000e+00 1.354038e+01 1.989936e+02
5.153857e+02 0.000000e+00 4.483812e+02 6.700455e+01
3.686349e+02 0.000000e+00 4.483812e+02 -7.974625e+01
5.064216e+01 0.000000e+00 3.748667e+01 1.315549e+01
1.993574e+01 0.000000e+00 3.748667e+01 -1.755092e+01
-1.209983e+01 0.000000e+00 2.653794e+01 -3.863777e+01
4.915627e+01 0.000000e+00 2.653794e+01 2.261833e+01
-5.915098e+01 0.000000e+00 -4.395329e+01 -1.519770e+01
-3.204795e+01 0.000000e+00 -4.395329e+01 1.190534e+01
1.223071e+02 0.000000e+00 2.909197e+02 -1.686126e+02
8.823143e+02 0.000000e+00 2.909197e+02 5.913946e+02
-8.907858e+01 0.000000e+00 8.025724e-01 -8.988116e+01
8.319103e+01 0.000000e+00 8.025724e-01 8.238846e+01
4.976385e+01 0.000000e+00 4.601432e+00 4.516242e+01
-4.774432e+01 0.000000e+00 4.601432e+00 -5.234576e+01
2.440003e+01 0.000000e+00 8.982610e+01 -6.542607e+01
1.650464e+02 0.000000e+00 8.982610e+01 7.522033e+01
3.715871e+01 0.000000e+00 4.667520e+01 -9.516495e+00
5.756326e+01 0.000000e+00 4.667520e+01 1.088806e+01
1.601286e+01 0.000000e+00 1.396858e+01 2.044274e+00
1.237613e+01 0.000000e+00 1.396858e+01 -1.592455e+00
-1.043503e+01 0.000000e+00 -4.873391e+01 3.829888e+01
-8.519044e+01 0.000000e+00 -4.873391e+01 -3.645652e+01
1.614479e+02 0.000000e+00 8.086336e+01 8.058455e+01
3.656601e+01 0.000000e+00 8.086336e+01 -4.429735e+01
-2.968335e+01 0.000000e+00 -4.092726e+00 -2.559062e+01
2.049396e+01 0.000000e+00 -4.092726e+00 2.458668e+01
2.091307e+02 0.000000e+00 7.732323e+01 1.318075e+02
5.557070e+00 0.000000e+00 7.732323e+01 -7.176616e+01
6.076470e+02 0.000000e+00 4.305427e+02 1.771043e+02
2.756797e+02 0.000000e+00 4.305427e+02 -1.548630e+02
1.281873e+02 0.000000e+00 7.787901e+01 5.030827e+01
2.469167e+01 0.000000e+00 7.787901e+01 -5.318733e+01
7.895197e+01 0.000000e+00 3.918580e+01 3.976617e+01
5.107424e+00 0.000000e+00 3.918580e+01 -3.407838e+01
8.663636e+01 0.000000e+00 3.576859e+01 5.086777e+01
-3.266570e+01 0.000000e+00 3.576859e+01 -6.843428e+01
-8.084747e+01 0.000000e+00 -3.209954e+01 -4.874792e+01
2.626055e+01 0.000000e+00 -3.209954e+01 5.836009e+01
