9.524062e+01 0.000000e+00 3.020049e+01 6.504013e+01
-2.490056e+01 0.000000e+00 3.020049e+01 -5.510104e+01
-2.630927e+01 0.000000e+00 -1.446802e+01 -1.184126e+01
-3.672905e-01 0.000000e+00 -1.446802e+01 1.410073e+01
7.768698e+01 0.000000e+00 2.234763e+01 5.533935e+01
-7.342278e+00 0.000000e+00 2.234763e+01 -2.968991e+01
-2.880556e+01 0.000000e+00 -2.972847e+01 9.229145e-01
-3.053656e+01 0.000000e+00 -2.972847e+01 -8.080883e-01
1.282315e+02 0.000000e+00 1.331497e+00 1.269000e+02
-1.143815e+02 0.000000e+00 1.331497e+00 -1.157130e+02
-2.053816e+01 0.000000e+00 9.849143e+00 -3.038730e+01
5.279147e+01 0.000000e+00 9.849143e+00 4.294233e+01
-4.570110e+00 0.000000e+00 2.360269e+00 -6.930379e+00
2.402550e+01 0.000000e+00 2.360269e+00 2.166523e+01
-6.106392e+01 0.000000e+00 -1.277614e+01 -4.828778e+01
3.524706e+01 0.000000e+00 -1.277614e+01 4.802320e+01
-4.631041e+01 0.000000e+00 -5.579371e+01 9.483299e+00
-6.490285e+01 0.000000e+00 -5.579371e+01 -9.109138e+00
5.752404e+01 0.000000e+00 5.963071e+01 -2.106674e+00
6.175787e+01 0.000000e+00 5.963071e+01 2.127151e+00
1.929986e+02 2.014223e+02 2.014223e+02 1.929986e+02
2.120094e+02 2.014223e+02 2.014223e+02 2.120094e+02
-6.644273e+01 0.000000e+00 -7.379202e+01 7.349289e+00
-1.085630e+02 0.000000e+00 -7.379202e+01 -3.477097e+01
-5.089978e+01 0.000000e+00 -2.594680e+01 -2.495298e+01
1.326017e+01 0.000000e+00 -2.594680e+01 3.920696e+01
1.054973e+02 0.000000e+00 2.783471e+01 7.766259e+01
-1.137815e+02 0.000000e+00 2.783471e+01 -1.416162e+02
1.235000e+01 0.000000e+00 4.502378e+00 7.847618e+00
-2.198672e-01 0.000000e+00 4.502378e+00 -4.722245e+00
-1.771796e+01 0.000000e+00 -7.528647e+00 -1.018932e+01
1.050240e+00 0.000000e+00 -7.528647e+00 8.578887e+00
1.977907e+02 0.000000e+00 1.567691e+01 1.821138e+02
-1.579546e+02 0.000000e+00 1.567691e+01 -1.736315e+02
-1.128008e+02 0.000000e+00 -7.032117e+01 -4.247960e+01
-2.771009e+01 0.000000e+00 -7.032117e+01 4.261108e+01
6.007179e+01 0.000000e+00 6.539183e+01 -5.320042e+00
6.796194e+01 0.000000e+00 6.539183e+01 2.570114e+00
2.579052e+02 0.000000e+00 1.192481e+02 1.386571e+02
-5.450298e+01 0.000000e+00 1.192481e+02 -1.737511e+02
-1.195535e+02 0.000000e+00 -6.038410e+01 -5.916941e+01
-1.278251e+01 0.000000e+00 -6.038410e+01 4.760159e+01
5.660503e+00 0.000000e+00 -1.094559e+02 1.151164e+02
-2.418994e+02 0.000000e+00 -1.094559e+02 -1.324435e+02
1.140933e+01 0.000000e+00 3.906527e+01 -2.765595e+01
6.475233e+01 0.000000e+00 3.906527e+01 2.568705e+01
2.180890e+02 0.000000e+00 1.207434e+02 9.734555e+01
7.555005e+01 0.000000e+00 1.207434e+02 -4.519336e+01
8.811883e+01 0.000000e+00 3.084715e+01 5.727168e+01
-7.034851e+01 0.000000e+00 3.084715e+01 -1.011957e+02
7.645791e+01 0.000000e+00 6.136279e+01 1.509512e+01
4.400284e+01 0.000000e+00 6.136279e+01 -1.735995e+01
