5.005683e+00 0.000000e+00 1.267010e+00 3.738674e+00
-1.005699e+00 0.000000e+00 1.267010e+00 -2.272709e+00
-5.602004e+01 0.000000e+00 -3.984587e+01 -1.617417e+01
-2.504469e+01 0.000000e+00 -3.984587e+01 1.480118e+01
-9.364484e+01 0.000000e+00 -6.020021e+01 -3.344463e+01
-2.404854e+01 0.000000e+00 -6.020021e+01 3.615168e+01
-5.196067e+01 0.000000e+00 -4.229088e+01 -9.669788e+00
-3.246213e+01 0.000000e+00 -4.229088e+01 9.828747e+00
5.566941e+00 0.000000e+00 -2.298141e+01 2.854835e+01
-5.116578e+01 0.000000e+00 -2.298141e+01 -2.818437e+01
1.686686e+01 0.000000e+00 -3.824937e+01 5.511623e+01
-1.014777e+02 0.000000e+00 -3.824937e+01 -6.322837e+01
-2.339059e+01 0.000000e+00 -1.624505e+01 -7.145536e+00
1.179081e+01 0.000000e+00 -1.624505e+01 2.803586e+01
-3.784286e+01 0.000000e+00 -1.417178e+02 1.038749e+02
-2.384979e+02 0.000000e+00 -1.417178e+02 -9.678008e+01
-5.171181e+01 0.000000e+00 -6.427042e+01 1.255861e+01
-7.356950e+01 0.000000e+00 -6.427042e+01 -9.299080e+00
4.453836e+01 0.000000e+00 6.142543e+01 -1.688707e+01
7.393509e+01 0.000000e+00 6.142543e+01 1.250965e+01
-6.097721e+01 0.000000e+00 -3.765341e+01 -2.332380e+01
-9.936138e+00 0.000000e+00 -3.765341e+01 2.771727e+01
-6.019298e+01 0.000000e+00 -4.364327e+01 -1.654971e+01
2.390125e+01 0.000000e+00 -4.364327e+01 6.754453e+01
-6.903406e+01 0.000000e+00 -4.118868e+01 -2.784538e+01
-1.045589e+01 0.000000e+00 -4.118868e+01 3.073280e+01
6.433223e+01 0.000000e+00 9.157453e+01 -2.724230e+01
1.216799e+02 0.000000e+00 9.157453e+01 3.010535e+01
-5.565062e+01 0.000000e+00 -3.501862e+01 -2.063200e+01
-1.205064e+01 0.000000e+00 -3.501862e+01 2.296799e+01
9.969330e+01 0.000000e+00 5.858931e+01 4.110399e+01
2.637508e+01 0.000000e+00 5.858931e+01 -3.221423e+01
-4.008611e+01 0.000000e+00 -8.861403e+01 4.852792e+01
-1.102842e+02 0.000000e+00 -8.861403e+01 -2.167017e+01
1.619686e+00 0.000000e+00 -3.716420e+01 3.878388e+01
-7.803416e+01 0.000000e+00 -3.716420e+01 -4.086997e+01
-4.620966e+01 0.000000e+00 -1.094050e+01 -3.526915e+01
9.003325e-01 0.000000e+00 -1.094050e+01 1.184083e+01
3.783693e+01 0.000000e+00 4.907685e+00 3.292924e+01
-2.645721e+01 0.000000e+00 4.907685e+00 -3.136490e+01
-9.134412e+01 0.000000e+00 -7.048898e+01 -2.085514e+01
-5.546758e+01 0.000000e+00 -7.048898e+01 1.502139e+01
5.424154e+01 0.000000e+00 -5.839866e+01 1.126402e+02
-1.795270e+02 0.000000e+00 -5.839866e+01 -1.211283e+02
-7.592255e+01 0.000000e+00 -9.484358e+00 -6.643820e+01
5.718185e+01 0.000000e+00 -9.484358e+00 6.666620e+01
-8.195975e+01 0.000000e+00 -5.107956e+01 -3.088018e+01
-2.378901e+01 0.000000e+00 -5.107956e+01 2.729055e+01
2.054892e+02 1.977054e+02 1.977054e+02 2.054892e+02
1.826153e+02 1.977054e+02 1.977054e+02 1.826153e+02
-1.419404e+01 0.000000e+00 -6.437860e+00 -7.756179e+00
1.311714e+00 0.000000e+00 -6.437860e+00 7.749574e+00
