4.850810e+01 0.000000e+00 5.129996e+01 -2.791866e+00
5.371146e+01 0.000000e+00 5.129996e+01 2.411491e+00
-5.574870e+01 0.000000e+00 -7.693005e+01 2.118135e+01
-9.935015e+01 0.000000e+00 -7.693005e+01 -2.242010e+01
-8.603725e+01 0.000000e+00 -1.000010e+02 1.396371e+01
-1.117925e+02 0.000000e+00 -1.000010e+02 -1.179156e+01
-8.774665e+01 0.000000e+00 4.219312e+01 -1.299398e+02
1.094264e+02 0.000000e+00 4.219312e+01 6.723330e+01
5.741397e+01 0.000000e+00 -3.362527e+01 9.103924e+01
-1.476364e+02 0.000000e+00 -3.362527e+01 -1.140111e+02
2.035016e+02 2.116734e+02 2.116734e+02 2.035016e+02
2.182650e+02 2.116734e+02 2.116734e+02 2.182650e+02
5.830781e+01 0.000000e+00 7.543860e+01 -1.713079e+01
1.398760e+02 0.000000e+00 7.543860e+01 6.443741e+01
-1.083063e+02 0.000000e+00 -6.916406e+01 -3.914221e+01
-3.092781e+01 0.000000e+00 -6.916406e+01 3.823625e+01
-4.111654e+01 0.000000e+00 3.208188e+00 -4.432473e+01
4.276345e+01 0.000000e+00 3.208188e+00 3.955526e+01
-3.144902e+01 0.000000e+00 -8.429879e+00 -2.301914e+01
6.159969e+01 0.000000e+00 -8.429879e+00 7.002957e+01
6.178888e+01 0.000000e+00 -8.925114e+00 7.071399e+01
-6.123707e+01 0.000000e+00 -8.925114e+00 -5.231196e+01
6.925358e+01 0.000000e+00 6.797796e+01 1.275620e+00
6.218282e+01 0.000000e+00 6.797796e+01 -5.795143e+00
-2.121181e+01 0.000000e+00 -8.987555e+01 6.866374e+01
-1.348076e+02 0.000000e+00 -8.987555e+01 -4.493208e+01
2.209692e+01 0.000000e+00 -4.839488e+01 7.049180e+01
-1.093933e+02 0.000000e+00 -4.839488e+01 -6.099846e+01
2.352516e+00 0.000000e+00 -5.471648e+00 7.824164e+00
-7.192708e+01 0.000000e+00 -5.471648e+00 -6.645543e+01
1.390253e+01 0.000000e+00 2.185334e+01 -7.950808e+00
2.896889e+01 0.000000e+00 2.185334e+01 7.115557e+00
9.711994e+01 0.000000e+00 9.972526e+01 -2.605316e+00
1.054311e+02 0.000000e+00 9.972526e+01 5.705864e+00
3.953003e+00 0.000000e+00 -1.953212e+01 2.348512e+01
-6.360525e+01 0.000000e+00 -1.953212e+01 -4.407313e+01
1.129974e+02 0.000000e+00 1.584978e+01 9.714759e+01
-7.331676e+00 0.000000e+00 1.584978e+01 -2.318146e+01
3.258078e+01 0.000000e+00 2.492310e+00 3.008847e+01
-3.634274e+01 0.000000e+00 2.492310e+00 -3.883505e+01
-5.973770e+01 0.000000e+00 3.780812e+01 -9.754582e+01
2.554414e+02 0.000000e+00 3.780812e+01 2.176333e+02
3.241257e+00 0.000000e+00 -1.966380e+01 2.290505e+01
-4.885276e+01 0.000000e+00 -1.966380e+01 -2.918896e+01
7.057347e+01 0.000000e+00 3.625022e+01 3.432325e+01
3.252841e+00 0.000000e+00 3.625022e+01 -3.299738e+01
-1.158710e+02 0.000000e+00 -4.936907e+01 -6.650188e+01
1.587225e+01 0.000000e+00 -4.936907e+01 6.524133e+01
4.269828e+01 0.000000e+00 1.927542e+01 2.342286e+01
-4.909239e+00 0.000000e+00 1.927542e+01 -2.418465e+01
-1.555438e+01 0.000000e+00 -1.158196e+01 -3.972419e+00
-8.069943e+00 0.000000e+00 -1.158196e+01 3.512020e+00
