-1.118519e+00 0.000000e+00 1.935365e+01 -2.047216e+01
3.536554e+01 0.000000e+00 1.935365e+01 1.601189e+01
1.601129e+02 1.385003e+02 1.385003e+02 1.601129e+02
1.171120e+02 1.385003e+02 1.385003e+02 1.171120e+02
1.542533e+02 0.000000e+00 1.014785e+02 5.277477e+01
5.973897e+01 0.000000e+00 1.014785e+02 -4.173956e+01
-3.980239e+01 0.000000e+00 -1.726510e+01 -2.253728e+01
3.510294e+00 0.000000e+00 -1.726510e+01 2.077540e+01
1.002170e+02 0.000000e+00 4.961741e+01 5.059961e+01
-4.686979e+01 0.000000e+00 4.961741e+01 -9.648720e+01
2.275399e+01 0.000000e+00 3.250481e+01 -9.750824e+00
4.103660e+01 0.000000e+00 3.250481e+01 8.531788e+00
-1.285241e+01 0.000000e+00 5.493575e+01 -6.778816e+01
3.182421e+02 0.000000e+00 5.493575e+01 2.633063e+02
1.952084e+02 0.000000e+00 1.081121e+02 8.709631e+01
3.048378e+01 0.000000e+00 1.081121e+02 -7.762828e+01
4.954243e+01 0.000000e+00 4.776413e+00 4.476602e+01
-2.471640e+01 0.000000e+00 4.776413e+00 -2.949281e+01
5.224439e+01 0.000000e+00 3.327775e+01 1.896664e+01
2.087228e+01 0.000000e+00 3.327775e+01 -1.240547e+01
5.848013e+01 0.000000e+00 6.734037e+01 -8.860237e+00
7.462564e+01 0.000000e+00 6.734037e+01 7.285271e+00
-5.247992e+01 0.000000e+00 -3.969560e+00 -4.851036e+01
2.257279e+02 0.000000e+00 -3.969560e+00 2.296974e+02
-4.492593e+01 0.000000e+00 -4.975352e+01 4.827587e+00
-5.563516e+01 0.000000e+00 -4.975352e+01 -5.881641e+00
-6.727829e+01 0.000000e+00 -3.488365e+01 -3.239464e+01
3.227875e+00 0.000000e+00 -3.488365e+01 3.811153e+01
-1.452600e+01 0.000000e+00 1.275667e+01 -2.728268e+01
3.250318e+01 0.000000e+00 1.275667e+01 1.974651e+01
1.382398e+02 0.000000e+00 5.326695e+01 8.497286e+01
-2.439735e+00 0.000000e+00 5.326695e+01 -5.570668e+01
-6.235653e+01 0.000000e+00 -1.127061e+01 -5.108591e+01
2.623776e+01 0.000000e+00 -1.127061e+01 3.750837e+01
-3.967106e+00 0.000000e+00 -1.321347e+01 9.246367e+00
-2.114601e+01 0.000000e+00 -1.321347e+01 -7.932539e+00
-2.008018e+01 0.000000e+00 -1.855507e+01 -1.525112e+00
-1.760497e+01 0.000000e+00 -1.855507e+01 9.500904e-01
5.395093e+01 0.000000e+00 1.338767e+01 4.056325e+01
-3.388414e+01 0.000000e+00 1.338767e+01 -4.727181e+01
3.872830e+01 0.000000e+00 1.552348e+00 3.717595e+01
-2.660957e+01 0.000000e+00 1.552348e+00 -2.816191e+01
1.395097e+02 0.000000e+00 -5.312575e+01 1.926354e+02
-1.359724e+02 0.000000e+00 -5.312575e+01 -8.284663e+01
1.230633e+02 0.000000e+00 1.167735e+02 6.289825e+00
1.099747e+02 0.000000e+00 1.167735e+02 -6.798820e+00
2.798351e+01 0.000000e+00 4.409259e+01 -1.610907e+01
5.800686e+01 0.000000e+00 4.409259e+01 1.391427e+01
-8.622350e+01 0.000000e+00 -6.368564e+01 -2.253786e+01
-4.143790e+01 0.000000e+00 -6.368564e+01 2.224775e+01
-3.320241e+00 0.000000e+00 -2.787555e+01 2.455531e+01
-5.256280e+01 0.000000e+00 -2.787555e+01 -2.468725e+01
