6.783165e+01 0.000000e+00 1.092618e+01 5.690547e+01
-3.062236e+01 0.000000e+00 1.092618e+01 -4.154854e+01
1.153359e+01 0.000000e+00 -2.938673e+01 4.092032e+01
-5.679188e+01 0.000000e+00 -2.938673e+01 -2.740515e+01
-1.180933e+02 0.000000e+00 -5.654309e+01 -6.155016e+01
8.198433e-01 0.000000e+00 -5.654309e+01 5.736294e+01
-1.055438e+01 0.000000e+00 -1.119986e+01 6.454763e-01
-1.165387e+01 0.000000e+00 -1.119986e+01 -4.540091e-01
4.359264e+01 0.000000e+00 4.361008e+01 -1.744843e-02
4.362410e+01 0.000000e+00 4.361008e+01 1.401138e-02
-6.275929e+01 0.000000e+00 -3.743514e+01 -2.532415e+01
-1.381836e+01 0.000000e+00 -3.743514e+01 2.361678e+01
-1.676460e+01 0.000000e+00 -1.808820e+01 1.323591e+00
-2.292606e+01 0.000000e+00 -1.808820e+01 -4.837862e+00
4.137140e+01 0.000000e+00 7.551720e+00 3.381968e+01
-5.620556e+01 0.000000e+00 7.551720e+00 -6.375728e+01
5.043505e+01 0.000000e+00 8.040004e+01 -2.996499e+01
1.056806e+02 0.000000e+00 8.040004e+01 2.528058e+01
-5.962757e+01 0.000000e+00 -6.751876e+00 -5.287570e+01
4.649969e+01 0.000000e+00 -6.751876e+00 5.325157e+01
-4.249615e+01 0.000000e+00 -2.272764e+01 -1.976852e+01
-5.435417e+00 0.000000e+00 -2.272764e+01 1.729222e+01
-9.502211e+00 0.000000e+00 2.927465e+01 -3.877686e+01
1.942958e+02 0.000000e+00 2.927465e+01 1.650211e+02
-2.279750e+01 0.000000e+00 -2.740173e+01 4.604223e+00
-3.491710e+01 0.000000e+00 -2.740173e+01 -7.515377e+00
1.018282e+01 0.000000e+00 6.194445e+01 -5.176163e+01
1.762814e+02 0.000000e+00 6.194445e+01 1.143370e+02
4.013378e+01 0.000000e+00 4.495284e+01 -4.819054e+00
5.017306e+01 0.000000e+00 4.495284e+01 5.220226e+00
-9.743712e+00 0.000000e+00 1.062536e+01 -2.036907e+01
2.720823e+01 0.000000e+00 1.062536e+01 1.658287e+01
4.591655e+00 0.000000e+00 -2.691343e+01 3.150508e+01
-5.889902e+01 0.000000e+00 -2.691343e+01 -3.198560e+01
-3.514668e+00 0.000000e+00 -3.350991e+01 2.999524e+01
-6.892806e+01 0.000000e+00 -3.350991e+01 -3.541815e+01
2.078392e+00 1.864917e+02 1.864917e+02 2.078392e+00
2.301044e+02 1.864917e+02 1.864917e+02 2.301044e+02
-9.480147e+01 0.000000e+00 2.692098e+01 -1.217224e+02
1.525676e+02 0.000000e+00 2.692098e+01 1.256466e+02
-1.745413e+01 0.000000e+00 1.437667e+01 -3.183080e+01
4.471927e+01 0.000000e+00 1.437667e+01 3.034260e+01
-3.019895e+02 0.000000e+00 -1.785393e+02 -1.234502e+02
-2.568187e+01 0.000000e+00 -1.785393e+02 1.528574e+02
-4.426294e+01 0.000000e+00 -3.017573e+00 -4.124536e+01
5.975438e+01 0.000000e+00 -3.017573e+00 6.277196e+01
-2.442820e+00 0.000000e+00 -2.104271e+01 1.859989e+01
-3.735141e+01 0.000000e+00 -2.104271e+01 -1.630870e+01
-1.498006e+02 0.000000e+00 -1.262944e+02 -2.350618e+01
-4.947272e+01 0.000000e+00 -1.262944e+02 7.682168e+01
-1.399284e+00 0.000000e+00 -2.311753e+01 2.171824e+01
-5.011082e+01 0.000000e+00 -2.311753e+01 -2.699330e+01
