3.617959e+01 0.000000e+00 4.922773e+01 -1.304814e+01
5.786062e+01 0.000000e+00 4.922773e+01 8.632885e+00
1.046185e+02 0.000000e+00 -1.530290e+01 1.199214e+02
-1.551722e+02 0.000000e+00 -1.530290e+01 -1.398693e+02
-2.764895e+01 0.000000e+00 -1.016791e+02 7.403013e+01
-1.741496e+02 0.000000e+00 -1.016791e+02 -7.247048e+01
2.755900e+01 0.000000e+00 2.732019e+01 2.388096e-01
2.705331e+01 0.000000e+00 2.732019e+01 -2.668743e-01
5.191481e+02 3.175482e+02 3.175482e+02 5.191481e+02
-9.292793e-01 3.175482e+02 3.175482e+02 -9.292793e-01
-3.030135e+01 0.000000e+00 7.533959e+01 -1.056409e+02
1.925423e+02 0.000000e+00 7.533959e+01 1.172027e+02
7.041647e+01 0.000000e+00 7.246716e+01 -2.050690e+00
8.007266e+01 0.000000e+00 7.246716e+01 7.605507e+00
2.569882e+02 0.000000e+00 1.498424e+02 1.071458e+02
1.303319e+01 0.000000e+00 1.498424e+02 -1.368092e+02
-1.966074e+01 0.000000e+00 8.997575e+00 -2.865832e+01
3.707365e+01 0.000000e+00 8.997575e+00 2.807608e+01
1.663583e+01 0.000000e+00 -1.471858e+01 3.135441e+01
-4.262540e+01 0.000000e+00 -1.471858e+01 -2.790682e+01
1.238667e+02 0.000000e+00 5.748027e+01 6.638641e+01
-6.683746e+00 0.000000e+00 5.748027e+01 -6.416402e+01
4.343851e+01 0.000000e+00 2.293142e+01 2.050710e+01
-5.805952e+01 0.000000e+00 2.293142e+01 -8.099094e+01
-3.588115e+01 0.000000e+00 -4.003408e+01 4.152931e+00
-4.381923e+01 0.000000e+00 -4.003408e+01 -3.785152e+00
-8.953050e+01 0.000000e+00 -8.422423e+01 -5.306274e+00
-7.809047e+01 0.000000e+00 -8.422423e+01 6.133759e+00
-1.622429e+00 0.000000e+00 2.713318e+01 -2.875561e+01
5.196756e+01 0.000000e+00 2.713318e+01 2.483438e+01
-4.200746e+01 0.000000e+00 1.134056e+00 -4.314152e+01
4.451226e+01 0.000000e+00 1.134056e+00 4.337821e+01
-4.448209e+00 0.000000e+00 4.323536e+01 -4.768356e+01
9.131435e+01 0.000000e+00 4.323536e+01 4.807899e+01
-2.597099e+01 0.000000e+00 2.633608e+00 -2.860459e+01
2.998566e+01 0.000000e+00 2.633608e+00 2.735205e+01
9.656949e+00 0.000000e+00 -4.165152e+01 5.130847e+01
-8.543062e+01 0.000000e+00 -4.165152e+01 -4.377910e+01
4.397318e+01 0.000000e+00 4.988817e+01 -5.914993e+00
5.717664e+01 0.000000e+00 4.988817e+01 7.288467e+00
7.336426e-02 0.000000e+00 1.010438e+01 -1.003101e+01
2.305005e+01 0.000000e+00 1.010438e+01 1.294567e+01
3.401598e+02 0.000000e+00 1.319055e+02 2.082543e+02
-1.437666e+02 0.000000e+00 1.319055e+02 -2.756720e+02
8.613374e+01 0.000000e+00 9.003154e+01 -3.897797e+00
9.508976e+01 0.000000e+00 9.003154e+01 5.058220e+00
2.817179e+01 0.000000e+00 2.119372e+01 6.978075e+00
1.338727e+01 0.000000e+00 2.119372e+01 -7.806452e+00
1.661152e+01 0.000000e+00 3.406611e+01 -1.745460e+01
7.836206e+01 0.000000e+00 3.406611e+01 4.429595e+01
3.912913e+01 0.000000e+00 1.001277e+02 -6.099857e+01
1.537832e+02 0.000000e+00 1.001277e+02 5.365550e+01
