-1.335360e+01 0.000000e+00 7.387471e+01 -8.722831e+01
1.358311e+02 0.000000e+00 7.387471e+01 6.195639e+01
1.002450e+02 0.000000e+00 -1.487366e+01 1.151186e+02
-9.609871e+01 0.000000e+00 -1.487366e+01 -8.122504e+01
1.623178e+02 0.000000e+00 9.073933e+01 7.157851e+01
3.128518e+01 0.000000e+00 9.073933e+01 -5.945415e+01
-1.110662e+01 0.000000e+00 -1.926908e+01 8.162457e+00
-3.163877e+01 0.000000e+00 -1.926908e+01 -1.236970e+01
7.045554e+01 0.000000e+00 1.909847e+01 5.135707e+01
-4.001641e+01 0.000000e+00 1.909847e+01 -5.911488e+01
3.274670e+01 0.000000e+00 1.589728e+01 1.684941e+01
-3.967636e+00 0.000000e+00 1.589728e+01 -1.986492e+01
1.378087e+01 0.000000e+00 3.589908e+01 -2.211822e+01
1.259084e+02 0.000000e+00 3.589908e+01 9.000933e+01
5.363528e+02 0.000000e+00 5.086242e+02 2.772861e+01
4.805764e+02 0.000000e+00 5.086242e+02 -2.804776e+01
5.261815e+01 0.000000e+00 4.934533e+01 3.272816e+00
4.563851e+01 0.000000e+00 4.934533e+01 -3.706825e+00
1.334501e+02 0.000000e+00 5.475776e+01 7.869233e+01
-5.996559e+00 0.000000e+00 5.475776e+01 -6.075432e+01
3.642786e+00 0.000000e+00 -1.495550e+01 1.859829e+01
-3.127279e+01 0.000000e+00 -1.495550e+01 -1.631729e+01
1.713783e+02 0.000000e+00 2.312797e+02 -5.990137e+01
5.441868e+02 0.000000e+00 2.312797e+02 3.129072e+02
-1.230078e+02 0.000000e+00 -1.830999e+02 6.009209e+01
-2.529814e+02 0.000000e+00 -1.830999e+02 -6.988148e+01
-2.161373e+00 0.000000e+00 2.814878e+01 -3.031016e+01
6.095380e+01 0.000000e+00 2.814878e+01 3.280502e+01
2.050865e+02 2.342097e+02 2.342097e+02 2.050865e+02
2.782644e+02 2.342097e+02 2.342097e+02 2.782644e+02
1.143962e+02 0.000000e+00 6.445821e+01 4.993795e+01
1.935657e+01 0.000000e+00 6.445821e+01 -4.510163e+01
2.123946e+01 0.000000e+00 3.449102e+01 -1.325156e+01
4.670167e+01 0.000000e+00 3.449102e+01 1.221066e+01
6.821228e+01 0.000000e+00 4.019470e+01 2.801758e+01
1.302084e+01 0.000000e+00 4.019470e+01 -2.717387e+01
9.171693e+01 0.000000e+00 6.842281e+00 8.487465e+01
-3.332974e+01 0.000000e+00 6.842281e+00 -4.017202e+01
-9.512888e+01 0.000000e+00 -2.208858e+00 -9.292002e+01
1.140615e+02 0.000000e+00 -2.208858e+00 1.162704e+02
-4.516304e+01 0.000000e+00 -2.672904e+01 -1.843400e+01
-1.486466e+01 0.000000e+00 -2.672904e+01 1.186438e+01
4.418733e+02 0.000000e+00 4.719309e+02 -3.005759e+01
4.975844e+02 0.000000e+00 4.719309e+02 2.565347e+01
5.991946e+01 0.000000e+00 7.996835e+01 -2.004890e+01
1.130538e+02 0.000000e+00 7.996835e+01 3.308542e+01
2.891566e+01 0.000000e+00 4.955861e+01 -2.064295e+01
6.846283e+01 0.000000e+00 4.955861e+01 1.890422e+01
-1.185789e+01 0.000000e+00 -1.242655e+01 5.686646e-01
-1.302601e+01 0.000000e+00 -1.242655e+01 -5.994625e-01
7.113960e+01 0.000000e+00 3.783117e+01 3.330843e+01
1.698626e+01 0.000000e+00 3.783117e+01 -2.084492e+01
