2.195836e+01 0.000000e+00 6.171460e+01 -3.975624e+01
1.036567e+02 0.000000e+00 6.171460e+01 4.194212e+01
8.684674e+01 0.000000e+00 1.846424e+01 6.838250e+01
-2.948129e+01 0.000000e+00 1.846424e+01 -4.794553e+01
5.441723e+02 4.948257e+02 4.948257e+02 5.441723e+02
4.476793e+02 4.948257e+02 4.948257e+02 4.476793e+02
8.266121e+01 0.000000e+00 7.866427e+01 3.996944e+00
7.078260e+01 0.000000e+00 7.866427e+01 -7.881665e+00
3.524599e+01 0.000000e+00 -1.488481e-01 3.539484e+01
-4.303941e+01 0.000000e+00 -1.488481e-01 -4.289056e+01
-3.745843e+01 0.000000e+00 6.218916e+00 -4.367735e+01
5.068811e+01 0.000000e+00 6.218916e+00 4.446920e+01
3.051571e+01 0.000000e+00 6.019527e+01 -2.967955e+01
1.705663e+02 0.000000e+00 6.019527e+01 1.103711e+02
3.418973e+02 0.000000e+00 3.393715e+02 2.525832e+00
3.358112e+02 0.000000e+00 3.393715e+02 -3.560261e+00
1.023958e+01 0.000000e+00 2.937408e+01 -1.913450e+01
5.157331e+01 0.000000e+00 2.937408e+01 2.219923e+01
3.622653e+01 0.000000e+00 1.167284e+01 2.455369e+01
-4.278336e+00 0.000000e+00 1.167284e+01 -1.595118e+01
-1.679744e+01 0.000000e+00 -6.372842e+00 -1.042460e+01
3.694569e+00 0.000000e+00 -6.372842e+00 1.006741e+01
3.465361e+01 0.000000e+00 1.004390e+02 -6.578544e+01
3.679394e+02 0.000000e+00 1.004390e+02 2.675004e+02
-2.813139e+01 0.000000e+00 1.922759e-01 -2.832367e+01
2.839865e+01 0.000000e+00 1.922759e-01 2.820637e+01
3.278016e+01 0.000000e+00 2.366112e+01 9.119031e+00
1.268208e+01 0.000000e+00 2.366112e+01 -1.097905e+01
4.055523e+01 0.000000e+00 5.804890e+01 -1.749366e+01
7.868479e+01 0.000000e+00 5.804890e+01 2.063589e+01
7.934872e+01 0.000000e+00 4.758690e+01 3.176182e+01
1.409218e+01 0.000000e+00 4.758690e+01 -3.349472e+01
1.942329e+01 0.000000e+00 3.059624e+01 -1.117295e+01
4.022808e+01 0.000000e+00 3.059624e+01 9.631841e+00
6.403181e+00 0.000000e+00 -2.824429e+01 3.464747e+01
-6.459196e+01 0.000000e+00 -2.824429e+01 -3.634767e+01
6.040325e+01 0.000000e+00 2.351308e+00 5.805194e+01
-2.040747e+01 0.000000e+00 2.351308e+00 -2.275877e+01
-3.597059e+01 0.000000e+00 1.914319e+00 -3.788491e+01
4.422828e+01 0.000000e+00 1.914319e+00 4.231396e+01
7.658571e+01 0.000000e+00 4.456147e+01 3.202424e+01
1.780312e+01 0.000000e+00 4.456147e+01 -2.675835e+01
3.628243e+02 0.000000e+00 2.548316e+02 1.079927e+02
1.558405e+02 0.000000e+00 2.548316e+02 -9.899114e+01
8.080612e+01 0.000000e+00 7.434687e+01 6.459251e+00
6.882685e+01 0.000000e+00 7.434687e+01 -5.520016e+00
-2.620908e+00 0.000000e+00 5.444359e+00 -8.065266e+00
1.535110e+01 0.000000e+00 5.444359e+00 9.906743e+00
1.454779e+01 0.000000e+00 1.507653e+01 -5.287493e-01
1.839029e+01 0.000000e+00 1.507653e+01 3.313760e+00
-2.357120e-01 0.000000e+00 2.454818e+01 -2.478389e+01
4.995052e+01 0.000000e+00 2.454818e+01 2.540234e+01
