7.394476e+01 0.000000e+00 1.201338e+02 -4.618903e+01
1.697752e+02 0.000000e+00 1.201338e+02 4.964145e+01
1.049341e+02 0.000000e+00 5.404840e+01 5.088569e+01
2.442326e+01 0.000000e+00 5.404840e+01 -2.962514e+01
-1.055682e+02 0.000000e+00 -7.219659e+01 -3.337165e+01
-3.992012e+01 0.000000e+00 -7.219659e+01 3.227647e+01
3.077637e+01 0.000000e+00 2.373446e+01 7.041903e+00
1.254499e+01 0.000000e+00 2.373446e+01 -1.118948e+01
6.015598e+01 0.000000e+00 1.444926e+01 4.570673e+01
-3.174042e+01 0.000000e+00 1.444926e+01 -4.618967e+01
-5.056731e+01 0.000000e+00 -2.365446e+01 -2.691284e+01
-3.682098e+00 0.000000e+00 -2.365446e+01 1.997236e+01
3.677282e+01 0.000000e+00 -4.740846e+00 4.151366e+01
-1.430543e+02 0.000000e+00 -4.740846e+00 -1.383134e+02
1.589485e+03 1.566232e+03 1.566232e+03 1.589485e+03
1.529685e+03 1.566232e+03 1.566232e+03 1.529685e+03
3.111768e+01 0.000000e+00 2.027067e-01 3.091497e+01
-3.651332e+01 0.000000e+00 2.027067e-01 -3.671603e+01
-7.244281e+01 0.000000e+00 -8.316602e+01 1.072321e+01
-8.973287e+01 0.000000e+00 -8.316602e+01 -6.566849e+00
-4.973478e+01 0.000000e+00 -3.642614e+01 -1.330864e+01
-1.898795e+01 0.000000e+00 -3.642614e+01 1.743819e+01
6.049217e+01 0.000000e+00 1.502067e+02 -8.971450e+01
5.401114e+02 0.000000e+00 1.502067e+02 3.899047e+02
3.316248e+00 0.000000e+00 5.862811e+01 -5.531186e+01
1.157320e+02 0.000000e+00 5.862811e+01 5.710389e+01
-2.362324e+00 0.000000e+00 7.262875e+01 -7.499107e+01
2.040503e+02 0.000000e+00 7.262875e+01 1.314215e+02
-3.068376e+01 0.000000e+00 2.016766e+01 -5.085143e+01
8.483498e+01 0.000000e+00 2.016766e+01 6.466732e+01
1.833535e+01 0.000000e+00 3.760977e+01 -1.927442e+01
5.820401e+01 0.000000e+00 3.760977e+01 2.059424e+01
3.623021e+01 0.000000e+00 4.793027e+01 -1.170006e+01
5.752053e+01 0.000000e+00 4.793027e+01 9.590263e+00
-2.749384e+01 0.000000e+00 -3.826774e+01 1.077390e+01
-5.042913e+01 0.000000e+00 -3.826774e+01 -1.216139e+01
-1.279235e+01 0.000000e+00 -2.381192e+01 1.101957e+01
-3.090965e+01 0.000000e+00 -2.381192e+01 -7.097733e+00
3.269275e+01 0.000000e+00 3.826977e+01 -5.577019e+00
4.372129e+01 0.000000e+00 3.826977e+01 5.451519e+00
3.785848e+01 0.000000e+00 2.789946e-01 3.757949e+01
-3.734872e+01 0.000000e+00 2.789946e-01 -3.762772e+01
1.723195e+02 0.000000e+00 2.808119e+02 -1.084924e+02
4.161351e+02 0.000000e+00 2.808119e+02 1.353232e+02
3.614251e+01 0.000000e+00 6.180538e+01 -2.566287e+01
1.028425e+02 0.000000e+00 6.180538e+01 4.103712e+01
-4.795999e+01 0.000000e+00 -3.481363e+01 -1.314636e+01
-1.438252e+01 0.000000e+00 -3.481363e+01 2.043111e+01
1.548060e+01 0.000000e+00 1.860584e+01 -3.125234e+00
3.271479e+01 0.000000e+00 1.860584e+01 1.410895e+01
9.585527e+01 0.000000e+00 7.367191e+01 2.218336e+01
4.960436e+01 0.000000e+00 7.367191e+01 -2.406754e+01
