1.004756e+02 0.000000e+00 3.574470e+01 6.473094e+01
-1.743703e+01 0.000000e+00 3.574470e+01 -5.318174e+01
1.421281e+02 0.000000e+00 1.381532e+01 1.283128e+02
-7.193675e+01 0.000000e+00 1.381532e+01 -8.575207e+01
-1.120078e+02 0.000000e+00 -1.107927e+02 -1.215179e+00
-1.096366e+02 0.000000e+00 -1.107927e+02 1.156067e+00
-5.078770e+01 0.000000e+00 5.798511e+00 -5.658622e+01
6.422615e+01 0.000000e+00 5.798511e+00 5.842764e+01
-4.926310e+01 0.000000e+00 -4.080264e+01 -8.460457e+00
-2.912930e+01 0.000000e+00 -4.080264e+01 1.167334e+01
-7.149846e+01 0.000000e+00 -4.904442e+01 -2.245404e+01
-1.911524e+01 0.000000e+00 -4.904442e+01 2.992918e+01
2.930618e+01 0.000000e+00 3.432559e+00 2.587362e+01
-9.392260e+01 0.000000e+00 3.432559e+00 -9.735516e+01
3.393033e+01 0.000000e+00 5.188196e+01 -1.795163e+01
6.913219e+01 0.000000e+00 5.188196e+01 1.725023e+01
3.561542e+01 0.000000e+00 2.649781e+01 9.117611e+00
1.854759e+01 0.000000e+00 2.649781e+01 -7.950214e+00
-9.241909e+01 0.000000e+00 -1.086195e+01 -8.155714e+01
4.212647e+01 0.000000e+00 -1.086195e+01 5.298841e+01
-7.309559e+01 0.000000e+00 -5.391451e+01 -1.918108e+01
-3.390545e+01 0.000000e+00 -5.391451e+01 2.000906e+01
-2.611375e+01 0.000000e+00 -1.564018e+01 -1.047358e+01
2.479739e+01 0.000000e+00 -1.564018e+01 4.043756e+01
1.558253e+02 1.208688e+02 1.208688e+02 1.558253e+02
8.240275e+01 1.208688e+02 1.208688e+02 8.240275e+01
-7.199683e+01 0.000000e+00 -2.552860e+01 -4.646823e+01
4.433904e+01 0.000000e+00 -2.552860e+01 6.986764e+01
-7.421478e+01 0.000000e+00 -2.223566e+01 -5.197912e+01
4.270876e+01 0.000000e+00 -2.223566e+01 6.494442e+01
3.616955e+01 0.000000e+00 -9.510559e+00 4.568011e+01
-5.128952e+01 0.000000e+00 -9.510559e+00 -4.177896e+01
4.448379e+01 0.000000e+00 1.569862e+01 2.878517e+01
-1.627813e+01 0.000000e+00 1.569862e+01 -3.197675e+01
-6.841038e+01 0.000000e+00 -4.935318e+01 -1.905720e+01
-2.816063e+01 0.000000e+00 -4.935318e+01 2.119255e+01
-1.292733e+01 0.000000e+00 -9.447762e+00 -3.479564e+00
-8.527366e+00 0.000000e+00 -9.447762e+00 9.203968e-01
-6.616303e+01 0.000000e+00 -2.677381e+01 -3.938922e+01
9.870228e+00 0.000000e+00 -2.677381e+01 3.664404e+01
-1.676521e+01 0.000000e+00 -1.633810e+01 -4.271011e-01
-1.578796e+01 0.000000e+00 -1.633810e+01 5.501480e-01
-3.505251e+02 0.000000e+00 -3.204750e+02 -3.005008e+01
-2.646686e+02 0.000000e+00 -3.204750e+02 5.580640e+01
-1.262693e+01 0.000000e+00 5.166659e+01 -6.429351e+01
1.456389e+02 0.000000e+00 5.166659e+01 9.397231e+01
-6.327241e+01 0.000000e+00 -2.833808e+01 -3.493433e+01
-3.343895e+00 0.000000e+00 -2.833808e+01 2.499419e+01
5.111652e+01 0.000000e+00 1.474193e+01 3.637458e+01
-5.445004e+01 0.000000e+00 1.474193e+01 -6.919197e+01
-7.216323e+01 0.000000e+00 -1.063201e+02 3.415691e+01
-1.401687e+02 0.000000e+00 -1.063201e+02 -3.384856e+01
