-5.818708e+01 0.000000e+00 8.229942e+01 -1.404865e+02
2.495003e+02 0.000000e+00 8.229942e+01 1.672008e+02
-4.067455e+01 0.000000e+00 -4.372367e+01 3.049122e+00
-4.559017e+01 0.000000e+00 -4.372367e+01 -1.866497e+00
5.371265e+02 0.000000e+00 3.820127e+02 1.551137e+02
2.626537e+02 0.000000e+00 3.820127e+02 -1.193590e+02
1.544186e+02 0.000000e+00 1.408596e+02 1.355891e+01
1.289464e+02 0.000000e+00 1.408596e+02 -1.191325e+01
2.540204e+02 0.000000e+00 1.305919e+02 1.234285e+02
-7.077911e+00 0.000000e+00 1.305919e+02 -1.376698e+02
-3.821925e+01 0.000000e+00 4.002424e+01 -7.824348e+01
1.289519e+02 0.000000e+00 4.002424e+01 8.892767e+01
3.297888e+00 0.000000e+00 3.260255e+01 -2.930466e+01
1.414612e+02 0.000000e+00 3.260255e+01 1.088586e+02
5.695102e+02 0.000000e+00 5.411633e+02 2.834692e+01
5.049410e+02 0.000000e+00 5.411633e+02 -3.622226e+01
2.112133e+01 0.000000e+00 -1.226855e+01 3.338988e+01
-4.835562e+01 0.000000e+00 -1.226855e+01 -3.608708e+01
9.994522e+00 0.000000e+00 2.435427e+01 -1.435975e+01
3.293112e+01 0.000000e+00 2.435427e+01 8.576847e+00
8.083334e+00 0.000000e+00 1.906522e+01 -1.098189e+01
2.911616e+01 0.000000e+00 1.906522e+01 1.005094e+01
1.149000e+02 2.428165e+02 2.428165e+02 1.149000e+02
6.257574e+02 2.428165e+02 2.428165e+02 6.257574e+02
-7.964745e+01 0.000000e+00 2.853831e+01 -1.081858e+02
1.328604e+02 0.000000e+00 2.853831e+01 1.043220e+02
-1.264440e+00 0.000000e+00 -1.091098e+02 1.078453e+02
-2.200456e+02 0.000000e+00 -1.091098e+02 -1.109358e+02
1.161029e+01 0.000000e+00 5.091700e+01 -3.930671e+01
1.090342e+02 0.000000e+00 5.091700e+01 5.811716e+01
9.629980e+01 0.000000e+00 8.894704e+01 7.352760e+00
8.156664e+01 0.000000e+00 8.894704e+01 -7.380402e+00
-1.036292e+02 0.000000e+00 -3.890221e+01 -6.472701e+01
2.948915e+01 0.000000e+00 -3.890221e+01 6.839137e+01
4.628942e+01 0.000000e+00 -6.160883e+01 1.078983e+02
-1.551238e+02 0.000000e+00 -6.160883e+01 -9.351497e+01
1.112745e+02 0.000000e+00 2.646322e+01 8.481131e+01
-6.364429e+00 0.000000e+00 2.646322e+01 -3.282765e+01
-7.942128e+01 0.000000e+00 -5.306493e+00 -7.411479e+01
8.481255e+01 0.000000e+00 -5.306493e+00 9.011905e+01
2.153327e+02 0.000000e+00 1.366826e+02 7.865009e+01
4.199797e+01 0.000000e+00 1.366826e+02 -9.468463e+01
3.428429e+02 0.000000e+00 2.857463e+02 5.709662e+01
2.284277e+02 0.000000e+00 2.857463e+02 -5.731862e+01
7.907827e+01 0.000000e+00 9.275632e+01 -1.367805e+01
1.098990e+02 0.000000e+00 9.275632e+01 1.714269e+01
4.223360e+01 0.000000e+00 3.154828e+01 1.068532e+01
2.290516e+01 0.000000e+00 3.154828e+01 -8.643118e+00
8.442693e+01 0.000000e+00 1.136029e+02 -2.917601e+01
1.524449e+02 0.000000e+00 1.136029e+02 3.884201e+01
6.617503e+01 0.000000e+00 4.043463e+01 2.574041e+01
1.336165e+01 0.000000e+00 4.043463e+01 -2.707297e+01
