1.332570e+02 0.000000e+00 4.845882e+01 8.479814e+01
-5.164622e+01 0.000000e+00 4.845882e+01 -1.001050e+02
3.020379e+01 0.000000e+00 -1.886073e+01 4.906452e+01
-4.524422e+01 0.000000e+00 -1.886073e+01 -2.638349e+01
2.148429e+02 0.000000e+00 1.386184e+02 7.622449e+01
7.335370e+01 0.000000e+00 1.386184e+02 -6.526468e+01
-1.837704e+01 0.000000e+00 -4.751816e+01 2.914112e+01
-8.059421e+01 0.000000e+00 -4.751816e+01 -3.307605e+01
8.429517e+01 0.000000e+00 -1.553648e+01 9.983165e+01
-1.094922e+02 0.000000e+00 -1.553648e+01 -9.395576e+01
2.083406e+02 0.000000e+00 1.286569e+02 7.968372e+01
5.464807e+01 0.000000e+00 1.286569e+02 -7.400882e+01
7.022274e+01 0.000000e+00 9.462567e+01 -2.440293e+01
1.926894e+02 0.000000e+00 9.462567e+01 9.806372e+01
2.890634e+02 0.000000e+00 2.080418e+02 8.102167e+01
1.358583e+02 0.000000e+00 2.080418e+02 -7.218349e+01
6.260563e+01 0.000000e+00 2.086824e+00 6.051880e+01
-4.531970e+01 0.000000e+00 2.086824e+00 -4.740653e+01
4.944857e+01 0.000000e+00 7.653329e+01 -2.708472e+01
9.977776e+01 0.000000e+00 7.653329e+01 2.324447e+01
-4.723122e+01 0.000000e+00 -7.935548e-01 -4.643766e+01
3.831091e+01 0.000000e+00 -7.935548e-01 3.910446e+01
-2.798111e+00 0.000000e+00 8.918444e+01 -9.198255e+01
5.831437e+02 0.000000e+00 8.918444e+01 4.939593e+02
2.263984e+01 0.000000e+00 1.547405e+01 7.165793e+00
5.485786e+00 0.000000e+00 1.547405e+01 -9.988260e+00
-1.673577e+01 0.000000e+00 -2.564807e+01 8.912302e+00
-3.210662e+01 0.000000e+00 -2.564807e+01 -6.458551e+00
2.797960e+01 0.000000e+00 2.370551e+01 4.274082e+00
1.711071e+01 0.000000e+00 2.370551e+01 -6.594807e+00
7.520792e+01 0.000000e+00 3.403101e+01 4.117690e+01
8.269346e+00 0.000000e+00 3.403101e+01 -2.576167e+01
-2.530444e+01 0.000000e+00 -1.561875e+01 -9.685692e+00
-1.010491e+01 0.000000e+00 -1.561875e+01 5.513840e+00
2.243254e+02 1.460045e+02 1.460045e+02 2.243254e+02
6.347420e+01 1.460045e+02 1.460045e+02 6.347420e+01
-9.458778e+00 0.000000e+00 -4.461788e+01 3.515910e+01
-5.396889e+01 0.000000e+00 -4.461788e+01 -9.351009e+00
-1.560385e+02 0.000000e+00 -5.890798e+01 -9.713057e+01
6.313560e+01 0.000000e+00 -5.890798e+01 1.220436e+02
2.632067e+01 0.000000e+00 -1.680949e+01 4.313016e+01
-5.371154e+01 0.000000e+00 -1.680949e+01 -3.690205e+01
2.086760e+02 0.000000e+00 2.264173e+02 -1.774138e+01
2.397069e+02 0.000000e+00 2.264173e+02 1.328960e+01
-1.437794e+01 0.000000e+00 -3.372968e+00 -1.100497e+01
1.217521e+01 0.000000e+00 -3.372968e+00 1.554818e+01
-8.140202e-01 0.000000e+00 2.070235e+01 -2.151637e+01
4.098231e+01 0.000000e+00 2.070235e+01 2.027996e+01
6.357926e+01 0.000000e+00 -5.045792e+01 1.140372e+02
-2.090051e+02 0.000000e+00 -5.045792e+01 -1.585472e+02
-3.833574e+01 0.000000e+00 -1.424989e+01 -2.408584e+01
1.316885e+01 0.000000e+00 -1.424989e+01 2.741875e+01
