-1.828054e+01 0.000000e+00 1.529545e+01 -3.357600e+01
5.460681e+01 0.000000e+00 1.529545e+01 3.931136e+01
6.853278e+01 0.000000e+00 -1.702216e+01 8.555494e+01
-6.517127e+01 0.000000e+00 -1.702216e+01 -4.814911e+01
7.204992e+00 0.000000e+00 -5.764580e+01 6.485079e+01
-1.086722e+02 0.000000e+00 -5.764580e+01 -5.102643e+01
1.463259e+02 1.462902e+02 1.462902e+02 1.463259e+02
1.462494e+02 1.462902e+02 1.462902e+02 1.462494e+02
-3.320166e+01 0.000000e+00 -4.262709e+01 9.425430e+00
-5.142918e+01 0.000000e+00 -4.262709e+01 -8.802094e+00
1.711064e+01 0.000000e+00 1.409416e+00 1.570123e+01
-1.379543e+01 0.000000e+00 1.409416e+00 -1.520485e+01
2.846255e+01 0.000000e+00 1.196219e+01 1.650037e+01
-5.023419e+01 0.000000e+00 1.196219e+01 -6.219638e+01
-2.537664e+01 0.000000e+00 -9.216597e+01 6.678933e+01
-1.525708e+02 0.000000e+00 -9.216597e+01 -6.040485e+01
-7.059351e+01 0.000000e+00 -2.642900e+01 -4.416451e+01
1.206337e+01 0.000000e+00 -2.642900e+01 3.849237e+01
-7.202055e+01 0.000000e+00 -4.234149e+01 -2.967906e+01
-1.834486e+01 0.000000e+00 -4.234149e+01 2.399663e+01
-3.287231e+01 0.000000e+00 -3.264284e+01 -2.294655e-01
-3.239224e+01 0.000000e+00 -3.264284e+01 2.505989e-01
4.485751e+01 0.000000e+00 5.911147e+01 -1.425396e+01
1.157957e+02 0.000000e+00 5.911147e+01 5.668420e+01
2.275803e+01 0.000000e+00 1.107662e+01 1.168141e+01
-1.749485e+00 0.000000e+00 1.107662e+01 -1.282610e+01
3.218931e+01 0.000000e+00 1.300169e+01 1.918762e+01
-6.439989e+00 0.000000e+00 1.300169e+01 -1.944168e+01
4.763303e+01 0.000000e+00 -1.034454e+01 5.797757e+01
-6.546347e+01 0.000000e+00 -1.034454e+01 -5.511893e+01
1.369395e+01 0.000000e+00 2.187227e+01 -8.178314e+00
2.969028e+01 0.000000e+00 2.187227e+01 7.818014e+00
-5.526016e+00 0.000000e+00 2.648519e+01 -3.201120e+01
6.022554e+01 0.000000e+00 2.648519e+01 3.374035e+01
-2.710941e+01 0.000000e+00 -1.566669e+01 -1.144272e+01
-3.676739e+00 0.000000e+00 -1.566669e+01 1.198995e+01
-7.536070e+01 0.000000e+00 -3.288731e+01 -4.247339e+01
-2.320435e+01 0.000000e+00 -3.288731e+01 9.682968e+00
-2.395228e+01 0.000000e+00 -3.475159e+00 -2.047712e+01
1.940025e+01 0.000000e+00 -3.475159e+00 2.287540e+01
5.967410e+01 0.000000e+00 6.294788e+01 -3.273781e+00
6.579044e+01 0.000000e+00 6.294788e+01 2.842556e+00
8.469981e+01 0.000000e+00 -5.186862e+00 8.988668e+01
-8.909732e+01 0.000000e+00 -5.186862e+00 -8.391046e+01
-2.784640e+01 0.000000e+00 2.084184e-01 -2.805482e+01
4.289186e+01 0.000000e+00 2.084184e-01 4.268344e+01
-6.107646e+00 0.000000e+00 1.092149e+01 -1.702914e+01
2.558371e+01 0.000000e+00 1.092149e+01 1.466221e+01
1.480349e+01 0.000000e+00 -1.704974e+01 3.185323e+01
-5.469915e+01 0.000000e+00 -1.704974e+01 -3.764941e+01
2.026933e+01 0.000000e+00 2.021549e+01 5.384064e-02
2.015532e+01 0.000000e+00 2.021549e+01 -6.017303e-02
