5.832243e+01 0.000000e+00 4.582512e+01 1.249730e+01
3.002166e+01 0.000000e+00 4.582512e+01 -1.580346e+01
1.808118e+01 0.000000e+00 6.964194e+00 1.111699e+01
6.803389e-01 0.000000e+00 6.964194e+00 -6.283855e+00
1.250762e+02 0.000000e+00 3.966336e+01 8.541282e+01
-3.090788e+01 0.000000e+00 3.966336e+01 -7.057125e+01
1.329942e+01 0.000000e+00 -2.093680e+01 3.423622e+01
-7.614017e+01 0.000000e+00 -2.093680e+01 -5.520337e+01
-1.194558e+01 0.000000e+00 -3.694688e+01 2.500130e+01
-5.886777e+01 0.000000e+00 -3.694688e+01 -2.192089e+01
2.064303e+01 0.000000e+00 1.486427e+01 5.778763e+00
9.522097e+00 0.000000e+00 1.486427e+01 -5.342173e+00
7.666060e+01 0.000000e+00 1.138824e+02 -3.722176e+01
2.860617e+02 0.000000e+00 1.138824e+02 1.721793e+02
1.277853e+02 0.000000e+00 1.176449e+01 1.160208e+02
-1.551969e+02 0.000000e+00 1.176449e+01 -1.669614e+02
4.462893e+00 0.000000e+00 5.436025e+01 -4.989736e+01
9.164431e+01 0.000000e+00 5.436025e+01 3.728406e+01
-9.293884e+00 0.000000e+00 9.144483e+00 -1.843837e+01
2.755240e+01 0.000000e+00 9.144483e+00 1.840792e+01
-4.990841e+00 0.000000e+00 3.033909e+01 -3.532993e+01
5.679083e+01 0.000000e+00 3.033909e+01 2.645174e+01
7.126038e+00 0.000000e+00 5.030470e+01 -4.317866e+01
3.585524e+02 0.000000e+00 5.030470e+01 3.082477e+02
-5.691801e+01 0.000000e+00 -1.945549e+01 -3.746253e+01
1.123371e+01 0.000000e+00 -1.945549e+01 3.068920e+01
-6.758755e+01 0.000000e+00 -1.276330e+01 -5.482425e+01
4.559834e+01 0.000000e+00 -1.276330e+01 5.836164e+01
3.478880e+00 0.000000e+00 -1.158137e-01 3.594694e+00
-3.759451e+00 0.000000e+00 -1.158137e-01 -3.643637e+00
8.995670e+01 0.000000e+00 3.492319e+01 5.503350e+01
-1.575905e+01 0.000000e+00 3.492319e+01 -5.068224e+01
5.885837e+00 0.000000e+00 1.465317e+01 -8.767338e+00
2.285809e+01 0.000000e+00 1.465317e+01 8.204915e+00
3.707016e+01 0.000000e+00 -1.201859e+01 4.908875e+01
-8.583377e+01 0.000000e+00 -1.201859e+01 -7.381518e+01
1.390020e+01 0.000000e+00 -1.953838e+01 3.343858e+01
-3.676760e+01 0.000000e+00 -1.953838e+01 -1.722921e+01
-5.163304e+01 0.000000e+00 -2.028576e+01 -3.134728e+01
2.811864e+01 0.000000e+00 -2.028576e+01 4.840439e+01
4.049170e+01 0.000000e+00 -8.209724e+00 4.870142e+01
-5.226252e+01 0.000000e+00 -8.209724e+00 -4.405280e+01
2.522754e+02 0.000000e+00 1.986687e+02 5.360661e+01
1.409629e+02 0.000000e+00 1.986687e+02 -5.770583e+01
2.588483e+01 0.000000e+00 1.195721e+01 1.392762e+01
-6.155478e+00 0.000000e+00 1.195721e+01 -1.811269e+01
-4.965899e+01 0.000000e+00 -4.457418e+01 -5.084805e+00
-4.037937e+01 0.000000e+00 -4.457418e+01 4.194809e+00
-1.953599e+01 0.000000e+00 -1.268741e+01 -6.848579e+00
-2.493206e+00 0.000000e+00 -1.268741e+01 1.019420e+01
1.524230e+02 1.944206e+02 1.944206e+02 1.524230e+02
2.332465e+02 1.944206e+02 1.944206e+02 2.332465e+02
