7.291965e+01 0.000000e+00 1.030850e+02 -3.016538e+01
1.326006e+02 0.000000e+00 1.030850e+02 2.951556e+01
1.080185e+02 0.000000e+00 3.829395e+01 6.972456e+01
4.203708e+00 0.000000e+00 3.829395e+01 -3.409025e+01
2.660649e+02 0.000000e+00 2.758517e+02 -9.786804e+00
2.830496e+02 0.000000e+00 2.758517e+02 7.197906e+00
9.613288e+01 0.000000e+00 8.351927e+01 1.261361e+01
6.601259e+01 0.000000e+00 8.351927e+01 -1.750668e+01
4.911264e+01 0.000000e+00 5.374553e+01 -4.632885e+00
5.932359e+01 0.000000e+00 5.374553e+01 5.578064e+00
-8.307414e+01 0.000000e+00 1.360230e+00 -8.443437e+01
8.027031e+01 0.000000e+00 1.360230e+00 7.891008e+01
2.767413e+01 0.000000e+00 4.349173e+01 -1.581761e+01
1.104833e+02 0.000000e+00 4.349173e+01 6.699153e+01
3.299147e+02 0.000000e+00 3.431181e+02 -1.320340e+01
3.576209e+02 0.000000e+00 3.431181e+02 1.450281e+01
3.958316e+01 0.000000e+00 2.033084e+01 1.925231e+01
4.561975e+00 0.000000e+00 2.033084e+01 -1.576887e+01
5.545407e+00 0.000000e+00 -8.080308e+00 1.362572e+01
-1.667636e+01 0.000000e+00 -8.080308e+00 -8.596047e+00
-4.493629e+01 0.000000e+00 -2.873831e+01 -1.619798e+01
-1.042220e+01 0.000000e+00 -2.873831e+01 1.831611e+01
1.022728e+02 0.000000e+00 1.741089e+02 -7.183611e+01
5.013101e+02 0.000000e+00 1.741089e+02 3.272011e+02
4.039774e+01 0.000000e+00 6.113050e+01 -2.073276e+01
8.333844e+01 0.000000e+00 6.113050e+01 2.220794e+01
7.728710e+01 0.000000e+00 4.281666e+01 3.447044e+01
6.498041e+00 0.000000e+00 4.281666e+01 -3.631862e+01
2.547195e+00 0.000000e+00 3.360465e+01 -3.105745e+01
7.271095e+01 0.000000e+00 3.360465e+01 3.910630e+01
-6.581563e+00 0.000000e+00 -3.715127e+01 3.056971e+01
-8.204408e+01 0.000000e+00 -3.715127e+01 -4.489281e+01
7.668890e+01 0.000000e+00 9.997484e+01 -2.328593e+01
1.184810e+02 0.000000e+00 9.997484e+01 1.850615e+01
3.974038e+01 0.000000e+00 -7.009036e+01 1.098307e+02
-1.603749e+02 0.000000e+00 -7.009036e+01 -9.028458e+01
9.555435e-01 0.000000e+00 2.457735e-01 7.097700e-01
-3.594971e-02 0.000000e+00 2.457735e-01 -2.817232e-01
-1.184356e+02 0.000000e+00 -8.249923e+01 -3.593636e+01
-4.329717e+01 0.000000e+00 -8.249923e+01 3.920206e+01
8.686996e+01 0.000000e+00 1.267422e+02 -3.987227e+01
1.677737e+02 0.000000e+00 1.267422e+02 4.103146e+01
1.513636e+03 1.108042e+03 1.108042e+03 1.513636e+03
7.487187e+02 1.108042e+03 1.108042e+03 7.487187e+02
1.217241e+02 0.000000e+00 1.041893e+02 1.753477e+01
7.896059e+01 0.000000e+00 1.041893e+02 -2.522871e+01
3.548931e+01 0.000000e+00 6.843772e+01 -3.294841e+01
1.053862e+02 0.000000e+00 6.843772e+01 3.694850e+01
8.151260e+00 0.000000e+00 -3.607905e+01 4.423031e+01
-1.341673e+02 0.000000e+00 -3.607905e+01 -9.808826e+01
-3.759412e+01 0.000000e+00 1.054594e+01 -4.814006e+01
5.926483e+01 0.000000e+00 1.054594e+01 4.871889e+01
