9.349908e+01 0.000000e+00 1.326040e+02 -3.910495e+01
1.850044e+02 0.000000e+00 1.326040e+02 5.240041e+01
9.615166e+01 0.000000e+00 6.547919e+00 8.960374e+01
-4.558239e+01 0.000000e+00 6.547919e+00 -5.213031e+01
-3.940512e+01 0.000000e+00 -1.320804e+02 9.267523e+01
-2.050819e+02 0.000000e+00 -1.320804e+02 -7.300156e+01
-2.340464e+01 0.000000e+00 -2.886817e+01 5.463537e+00
-3.598295e+01 0.000000e+00 -2.886817e+01 -7.114775e+00
1.821654e+02 0.000000e+00 3.990730e+01 1.422581e+02
-1.320522e+02 0.000000e+00 3.990730e+01 -1.719595e+02
1.849809e+01 0.000000e+00 3.758421e+01 -1.908611e+01
5.453901e+01 0.000000e+00 3.758421e+01 1.695480e+01
6.768179e+01 0.000000e+00 9.025314e+01 -2.257134e+01
1.715561e+02 0.000000e+00 9.025314e+01 8.130294e+01
3.517137e+01 0.000000e+00 -2.831699e+01 6.348836e+01
-1.101902e+02 0.000000e+00 -2.831699e+01 -8.187318e+01
-2.876075e+01 0.000000e+00 6.363754e+00 -3.512451e+01
4.261774e+01 0.000000e+00 6.363754e+00 3.625398e+01
-8.522858e+00 0.000000e+00 -1.085172e+01 2.328864e+00
-1.219821e+01 0.000000e+00 -1.085172e+01 -1.346490e+00
-9.572373e+01 0.000000e+00 -3.885392e+01 -5.686981e+01
2.275012e+01 0.000000e+00 -3.885392e+01 6.160404e+01
-4.138239e+01 0.000000e+00 4.995959e+01 -9.134197e+01
4.441398e+02 0.000000e+00 4.995959e+01 3.941802e+02
-4.007138e+01 0.000000e+00 -8.917149e+01 4.910011e+01
-1.374595e+02 0.000000e+00 -8.917149e+01 -4.828802e+01
-8.518047e+01 0.000000e+00 -4.448321e+01 -4.069725e+01
-4.754173e+00 0.000000e+00 -4.448321e+01 3.972904e+01
6.555954e+01 0.000000e+00 7.099598e+01 -5.436440e+00
7.623674e+01 0.000000e+00 7.099598e+01 5.240761e+00
6.412083e+01 0.000000e+00 1.979543e+01 4.432540e+01
-1.922536e+01 0.000000e+00 1.979543e+01 -3.902079e+01
1.609602e+02 1.595950e+02 1.595950e+02 1.609602e+02
1.574922e+02 1.595950e+02 1.595950e+02 1.574922e+02
1.682041e+01 0.000000e+00 -3.551185e+01 5.233226e+01
-8.594038e+01 0.000000e+00 -3.551185e+01 -5.042852e+01
1.212827e+02 0.000000e+00 -1.565616e+01 1.369388e+02
-7.538517e+01 0.000000e+00 -1.565616e+01 -5.972901e+01
-2.875428e+01 0.000000e+00 -2.668195e+01 -2.072329e+00
-2.501695e+01 0.000000e+00 -2.668195e+01 1.665001e+00
-3.764639e+01 0.000000e+00 -4.406830e+01 6.421909e+00
-5.183228e+01 0.000000e+00 -4.406830e+01 -7.763985e+00
3.182644e+02 0.000000e+00 3.286042e+02 -1.033978e+01
3.472181e+02 0.000000e+00 3.286042e+02 1.861392e+01
1.084247e+02 0.000000e+00 8.012936e+01 2.829531e+01
4.468935e+01 0.000000e+00 8.012936e+01 -3.544002e+01
-4.481975e+01 0.000000e+00 -1.879289e+01 -2.602686e+01
7.166223e+00 0.000000e+00 -1.879289e+01 2.595912e+01
2.505283e+01 0.000000e+00 -1.978699e+00 2.703153e+01
-4.209898e+01 0.000000e+00 -1.978699e+00 -4.012028e+01
-1.948397e+01 0.000000e+00 8.114408e+00 -2.759838e+01
4.027489e+01 0.000000e+00 8.114408e+00 3.216048e+01
