8.382046e+01 7.479165e+01 7.479165e+01 8.382046e+01
1.974586e+01 7.479165e+01 7.479165e+01 1.974586e+01
2.598153e+02 7.479165e+01 7.479165e+01 2.598153e+02
1.572116e+02 7.479165e+01 7.479165e+01 1.572116e+02
3.645011e+01 7.479165e+01 7.479165e+01 3.645011e+01
1.771035e+01 7.479165e+01 7.479165e+01 1.771035e+01
9.292874e+01 7.479165e+01 7.479165e+01 9.292874e+01
4.369845e+02 7.479165e+01 7.479165e+01 4.369845e+02
2.722005e+01 7.479165e+01 7.479165e+01 2.722005e+01
1.297373e+01 7.479165e+01 7.479165e+01 1.297373e+01
1.863048e+01 7.479165e+01 7.479165e+01 1.863048e+01
1.852718e+02 7.479165e+01 7.479165e+01 1.852718e+02
6.942461e+01 7.479165e+01 7.479165e+01 6.942461e+01
-4.680995e+01 7.479165e+01 7.479165e+01 -4.680995e+01
1.023935e+02 7.479165e+01 7.479165e+01 1.023935e+02
1.046754e+02 7.479165e+01 7.479165e+01 1.046754e+02
6.899612e+01 7.479165e+01 7.479165e+01 6.899612e+01
1.163929e+01 7.479165e+01 7.479165e+01 1.163929e+01
5.646417e+01 7.479165e+01 7.479165e+01 5.646417e+01
4.305689e+01 7.479165e+01 7.479165e+01 4.305689e+01
1.111688e+02 7.479165e+01 7.479165e+01 1.111688e+02
3.231671e+02 7.479165e+01 7.479165e+01 3.231671e+02
1.763874e+02 7.479165e+01 7.479165e+01 1.763874e+02
4.430665e+01 7.479165e+01 7.479165e+01 4.430665e+01
1.244692e+01 7.479165e+01 7.479165e+01 1.244692e+01
7.995709e+01 7.479165e+01 7.479165e+01 7.995709e+01
