0.5 8.711736e+03 8.712083e+03 8.734893e+03 8.734545e+03
1.5 8.734712e+03 8.747861e+03 8.777155e+03 8.764006e+03
2.5 8.796183e+03 8.790610e+03 8.822280e+03 8.827853e+03
3.5 8.822034e+03 8.780671e+03 8.812825e+03 8.854187e+03
4.5 8.796209e+03 8.750377e+03 8.782236e+03 8.828068e+03
5.5 8.733250e+03 8.727165e+03 8.758532e+03 8.764616e+03
6.5 8.735835e+03 8.755822e+03 8.786441e+03 8.766454e+03
7.5 8.795467e+03 8.794698e+03 8.824598e+03 8.825367e+03
8.5 8.816261e+03 8.782951e+03 8.812162e+03 8.845471e+03
9.5 8.752184e+03 8.751900e+03 8.780450e+03 8.780734e+03
10.5 8.715851e+03 8.728544e+03 8.754721e+03 8.742027e+03
0.5 8.733250e+03 8.727165e+03 8.758532e+03 8.764616e+03
1.5 8.735835e+03 8.755822e+03 8.786441e+03 8.766454e+03
2.5 8.795467e+03 8.794698e+03 8.824598e+03 8.825367e+03
3.5 8.816261e+03 8.782951e+03 8.812162e+03 8.845471e+03
4.5 8.752184e+03 8.751900e+03 8.780450e+03 8.780734e+03
5.5 8.715851e+03 8.728544e+03 8.754721e+03 8.742027e+03
6.5 8.760119e+03 8.758507e+03 8.739523e+03 8.741135e+03
7.5 8.840212e+03 8.799065e+03 8.732026e+03 8.773173e+03
8.5 8.848870e+03 8.786989e+03 8.728550e+03 8.790431e+03
9.5 8.738235e+03 8.754828e+03 8.726955e+03 8.710363e+03
10.5 8.691190e+03 8.728808e+03 8.726162e+03 8.688544e+03
0.5 8.674310e+03 8.715346e+03 8.727290e+03 8.686254e+03
1.5 8.722191e+03 8.751128e+03 8.770014e+03 8.741078e+03
2.5 8.804141e+03 8.793866e+03 8.815578e+03 8.825853e+03
3.5 8.784130e+03 8.783904e+03 8.806539e+03 8.806765e+03
4.5 8.720482e+03 8.753583e+03 8.776356e+03 8.743256e+03
5.5 8.668751e+03 8.728657e+03 8.751363e+03 8.691457e+03
6.5 8.649836e+03 8.715972e+03 8.738347e+03 8.672210e+03
7.5 8.700527e+03 8.751980e+03 8.774043e+03 8.722590e+03
8.5 8.774726e+03 8.794796e+03 8.816568e+03 8.796498e+03
9.5 8.793711e+03 8.784843e+03 8.806342e+03 8.815210e+03
10.5 8.746999e+03 8.754501e+03 8.775746e+03 8.768244e+03
0.5 8.649836e+03 8.715972e+03 8.738347e+03 8.672210e+03
1.5 8.700527e+03 8.751980e+03 8.774043e+03 8.722590e+03
2.5 8.774726e+03 8.794796e+03 8.816568e+03 8.796498e+03
3.5 8.793711e+03 8.784843e+03 8.806342e+03 8.815210e+03
4.5 8.746999e+03 8.754501e+03 8.775746e+03 8.768244e+03
5.5 8.689304e+03 8.729550e+03 8.750557e+03 8.710312e+03
6.5 8.717596e+03 8.716894e+03 8.735938e+03 8.736640e+03
7.5 8.752728e+03 8.754447e+03 8.728728e+03 8.727009e+03
8.5 8.827118e+03 8.798910e+03 8.725521e+03 8.753729e+03
9.5 8.828363e+03 8.788596e+03 8.724177e+03 8.763944e+03
10.5 8.763556e+03 8.757116e+03 8.723619e+03 8.730059e+03
0.5 8.714673e+03 8.710600e+03 8.724861e+03 8.728933e+03
1.5 8.756428e+03 8.750396e+03 8.767791e+03 8.773823e+03
2.5 8.815677e+03 8.794932e+03 8.813542e+03 8.834287e+03
3.5 8.845790e+03 8.785653e+03 8.804672e+03 8.864809e+03
4.5 8.782330e+03 8.755433e+03 8.774638e+03 8.801536e+03
5.5 8.734664e+03 8.730664e+03 8.749781e+03 8.753781e+03
6.5 8.724712e+03 8.716167e+03 8.735209e+03 8.743753e+03
7.5 8.689577e+03 8.710746e+03 8.729715e+03 8.708546e+03
8.5 8.721952e+03 8.750619e+03 8.769515e+03 8.740848e+03
9.5 8.794111e+03 8.795166e+03 8.813988e+03 8.812934e+03
10.5 8.792197e+03 8.785870e+03 8.804618e+03 8.810945e+03
0.5 8.689577e+03 8.710746e+03 8.729715e+03 8.708546e+03
1.5 8.721952e+03 8.750619e+03 8.769515e+03 8.740848e+03
2.5 8.794111e+03 8.795166e+03 8.813988e+03 8.812934e+03
3.5 8.792197e+03 8.785870e+03 8.804618e+03 8.810945e+03
4.5 8.747363e+03 8.755629e+03 8.774301e+03 8.766036e+03
5.5 8.701424e+03 8.730830e+03 8.749435e+03 8.720029e+03
6.5 8.692576e+03 8.716307e+03 8.734852e+03 8.711121e+03
7.5 8.687947e+03 8.710924e+03 8.727666e+03 8.704690e+03
8.5 8.733348e+03 8.752355e+03 8.724475e+03 8.705469e+03
9.5 8.790748e+03 8.798568e+03 8.723139e+03 8.715319e+03
10.5 8.823880e+03 8.788938e+03 8.722582e+03 8.757524e+03
0.5 8.745344e+03 8.733740e+03 8.723393e+03 8.734997e+03
1.5 8.831986e+03 8.761714e+03 8.766315e+03 8.836586e+03
2.5 8.865696e+03 8.800183e+03 8.812060e+03 8.877573e+03
3.5 8.802393e+03 8.788175e+03 8.803189e+03 8.817407e+03
4.5 8.712231e+03 8.756932e+03 8.773163e+03 8.728461e+03
5.5 8.693802e+03 8.733369e+03 8.750001e+03 8.710435e+03
6.5 8.772680e+03 8.761633e+03 8.778434e+03 8.789481e+03
7.5 8.796161e+03 8.800408e+03 8.817094e+03 8.812848e+03
8.5 8.751835e+03 8.788560e+03 8.805140e+03 8.768415e+03
9.5 8.722950e+03 8.757413e+03 8.773892e+03 8.739429e+03
10.5 8.751742e+03 8.733979e+03 8.748614e+03 8.766377e+03
0.5 8.693802e+03 8.733369e+03 8.750001e+03 8.710435e+03
1.5 8.772680e+03 8.761633e+03 8.778434e+03 8.789481e+03
2.5 8.796161e+03 8.800408e+03 8.817094e+03 8.812848e+03
3.5 8.751835e+03 8.788560e+03 8.805140e+03 8.768415e+03
4.5 8.722950e+03 8.757413e+03 8.773892e+03 8.739429e+03
5.5 8.751742e+03 8.733979e+03 8.748614e+03 8.766377e+03
6.5 8.793729e+03 8.763883e+03 8.733856e+03 8.763701e+03
7.5 8.829501e+03 8.804392e+03 8.726788e+03 8.751898e+03
8.5 8.807103e+03 8.792276e+03 8.723734e+03 8.738561e+03
9.5 8.704823e+03 8.760083e+03 8.722554e+03 8.667294e+03
10.5 8.746738e+03 8.735728e+03 8.723854e+03 8.734865e+03
0.5 8.746738e+03 8.735728e+03 8.723854e+03 8.734865e+03
1.5 8.798769e+03 8.763572e+03 8.766700e+03 8.801898e+03
2.5 8.847317e+03 8.802197e+03 8.812666e+03 8.857785e+03
3.5 8.759640e+03 8.790352e+03 8.804028e+03 8.773316e+03
4.5 8.701096e+03 8.759275e+03 8.774245e+03 8.716067e+03
5.5 8.660056e+03 8.734191e+03 8.749660e+03 8.675524e+03
6.5 8.724930e+03 8.721315e+03 8.737067e+03 8.740683e+03
7.5 8.774168e+03 8.757438e+03 8.773204e+03 8.789934e+03
8.5 8.815319e+03 8.800383e+03 8.816179e+03 8.831115e+03
9.5 8.793076e+03 8.790568e+03 8.806410e+03 8.808919e+03
10.5 8.649956e+03 8.760376e+03 8.776283e+03 8.665863e+03
0.5 8.724930e+03 8.721315e+03 8.737067e+03 8.740683e+03
1.5 8.774168e+03 8.757438e+03 8.773204e+03 8.789934e+03
2.5 8.815319e+03 8.800383e+03 8.816179e+03 8.831115e+03
3.5 8.793076e+03 8.790568e+03 8.806410e+03 8.808919e+03
4.5 8.649956e+03 8.760376e+03 8.776283e+03 8.665863e+03
5.5 8.693083e+03 8.735592e+03 8.751580e+03 8.709071e+03
6.5 8.748581e+03 8.723061e+03 8.739145e+03 8.764665e+03
7.5 8.748375e+03 8.759235e+03 8.775440e+03 8.764580e+03
8.5 8.747726e+03 8.802225e+03 8.818579e+03 8.764079e+03
9.5 8.742227e+03 8.792455e+03 8.808983e+03 8.758755e+03
10.5 8.720191e+03 8.762305e+03 8.779034e+03 8.736920e+03
0.5 8.748581e+03 8.723061e+03 8.739145e+03 8.764665e+03
1.5 8.748375e+03 8.759235e+03 8.775440e+03 8.764580e+03
2.5 8.747726e+03 8.802225e+03 8.818579e+03 8.764079e+03
3.5 8.742227e+03 8.792455e+03 8.808983e+03 8.758755e+03
4.5 8.720191e+03 8.762305e+03 8.779034e+03 8.736920e+03
5.5 8.739956e+03 8.737561e+03 8.754516e+03 8.756911e+03
6.5 8.720372e+03 8.723384e+03 8.740592e+03 8.737579e+03
7.5 8.731416e+03 8.718289e+03 8.735776e+03 8.748902e+03
8.5 8.766901e+03 8.758490e+03 8.776282e+03 8.784694e+03
9.5 8.819891e+03 8.803366e+03 8.821492e+03 8.838018e+03
10.5 8.815590e+03 8.794402e+03 8.812890e+03 8.834078e+03
0.5 8.731416e+03 8.718289e+03 8.735776e+03 8.748902e+03
1.5 8.766901e+03 8.758490e+03 8.776282e+03 8.784694e+03
2.5 8.819891e+03 8.803366e+03 8.821492e+03 8.838018e+03
3.5 8.815590e+03 8.794402e+03 8.812890e+03 8.834078e+03
4.5 8.783701e+03 8.764496e+03 8.783374e+03 8.802580e+03
5.5 8.739122e+03 8.740042e+03 8.759340e+03 8.758420e+03
6.5 8.671364e+03 8.725872e+03 8.745618e+03 8.691110e+03
7.5 8.705537e+03 8.719099e+03 8.739323e+03 8.725761e+03
8.5 8.791041e+03 8.716320e+03 8.737051e+03 8.811772e+03
9.5 8.838589e+03 8.715396e+03 8.736663e+03 8.859856e+03
10.5 8.845400e+03 8.715248e+03 8.737083e+03 8.867235e+03
