0.5 8.701514e+03 8.719885e+03 8.744834e+03 8.726464e+03
1.5 8.711604e+03 8.745553e+03 8.777595e+03 8.743646e+03
2.5 8.783877e+03 8.777934e+03 8.812575e+03 8.818518e+03
3.5 8.816050e+03 8.770076e+03 8.805246e+03 8.851220e+03
4.5 8.793898e+03 8.746686e+03 8.781534e+03 8.828746e+03
5.5 8.735032e+03 8.728850e+03 8.763159e+03 8.769341e+03
6.5 8.733406e+03 8.751302e+03 8.784793e+03 8.766897e+03
7.5 8.779910e+03 8.781667e+03 8.814372e+03 8.812615e+03
8.5 8.791573e+03 8.772781e+03 8.804732e+03 8.823524e+03
9.5 8.730466e+03 8.748921e+03 8.780149e+03 8.761694e+03
10.5 8.708396e+03 8.731572e+03 8.760205e+03 8.737028e+03
0.5 8.735032e+03 8.728850e+03 8.763159e+03 8.769341e+03
1.5 8.733406e+03 8.751302e+03 8.784793e+03 8.766897e+03
2.5 8.779910e+03 8.781667e+03 8.814372e+03 8.812615e+03
3.5 8.791573e+03 8.772781e+03 8.804732e+03 8.823524e+03
4.5 8.730466e+03 8.748921e+03 8.780149e+03 8.761694e+03
5.5 8.708396e+03 8.731572e+03 8.760205e+03 8.737028e+03
6.5 8.763401e+03 8.769189e+03 8.748423e+03 8.742635e+03
7.5 8.849020e+03 8.815940e+03 8.742612e+03 8.775692e+03
8.5 8.853483e+03 8.803839e+03 8.739917e+03 8.789561e+03
9.5 8.746318e+03 8.769168e+03 8.738681e+03 8.715831e+03
10.5 8.710016e+03 8.740960e+03 8.738066e+03 8.707122e+03
0.5 8.691617e+03 8.725877e+03 8.738941e+03 8.704681e+03
1.5 8.730201e+03 8.751401e+03 8.772060e+03 8.750859e+03
2.5 8.792555e+03 8.783631e+03 8.807380e+03 8.816303e+03
3.5 8.776953e+03 8.775614e+03 8.800373e+03 8.801712e+03
4.5 8.714354e+03 8.752066e+03 8.776976e+03 8.739264e+03
5.5 8.677168e+03 8.732766e+03 8.757602e+03 8.702004e+03
6.5 8.665448e+03 8.723038e+03 8.747512e+03 8.689921e+03
7.5 8.706474e+03 8.751049e+03 8.775183e+03 8.730608e+03
8.5 8.777180e+03 8.784333e+03 8.808148e+03 8.800994e+03
9.5 8.786451e+03 8.776704e+03 8.800221e+03 8.809967e+03
10.5 8.738023e+03 8.753265e+03 8.776503e+03 8.761261e+03
0.5 8.665448e+03 8.723038e+03 8.747512e+03 8.689921e+03
1.5 8.706474e+03 8.751049e+03 8.775183e+03 8.730608e+03
2.5 8.777180e+03 8.784333e+03 8.808148e+03 8.800994e+03
3.5 8.786451e+03 8.776704e+03 8.800221e+03 8.809967e+03
4.5 8.738023e+03 8.753265e+03 8.776503e+03 8.761261e+03
5.5 8.699236e+03 8.733999e+03 8.756977e+03 8.722214e+03
6.5 8.729523e+03 8.724814e+03 8.745645e+03 8.750354e+03
7.5 8.765378e+03 8.768187e+03 8.740055e+03 8.737247e+03
8.5 8.833131e+03 8.817843e+03 8.737569e+03 8.752857e+03
9.5 8.845084e+03 8.806990e+03 8.736528e+03 8.774621e+03
10.5 8.788574e+03 8.772734e+03 8.736095e+03 8.751935e+03
0.5 8.726577e+03 8.721459e+03 8.737057e+03 8.742175e+03
1.5 8.756628e+03 8.751310e+03 8.770337e+03 8.775655e+03
2.5 8.805712e+03 8.785446e+03 8.805802e+03 8.826068e+03
3.5 8.825937e+03 8.778122e+03 8.798926e+03 8.846741e+03
4.5 8.778254e+03 8.754637e+03 8.775644e+03 8.799261e+03
5.5 8.741438e+03 8.735465e+03 8.756375e+03 8.762348e+03
6.5 8.728125e+03 8.724251e+03 8.745079e+03 8.748952e+03
7.5 8.692079e+03 8.720072e+03 8.740820e+03 8.712828e+03
8.5 8.713555e+03 8.751004e+03 8.771673e+03 8.734224e+03
9.5 8.791224e+03 8.785559e+03 8.806148e+03 8.811812e+03
10.5 8.785128e+03 8.778377e+03 8.798884e+03 8.805635e+03
0.5 8.692079e+03 8.720072e+03 8.740820e+03 8.712828e+03
1.5 8.713555e+03 8.751004e+03 8.771673e+03 8.734224e+03
2.5 8.791224e+03 8.785559e+03 8.806148e+03 8.811812e+03
3.5 8.785128e+03 8.778377e+03 8.798884e+03 8.805635e+03
4.5 8.735751e+03 8.754959e+03 8.775383e+03 8.756176e+03
5.5 8.695404e+03 8.735757e+03 8.756107e+03 8.715754e+03
6.5 8.693011e+03 8.724518e+03 8.744802e+03 8.713296e+03
7.5 8.695500e+03 8.720919e+03 8.739233e+03 8.713813e+03
8.5 8.738537e+03 8.767254e+03 8.736759e+03 8.708042e+03
9.5 8.800401e+03 8.818228e+03 8.735723e+03 8.717896e+03
10.5 8.834477e+03 8.807872e+03 8.735291e+03 8.761897e+03
0.5 8.766920e+03 8.747237e+03 8.735920e+03 8.755603e+03
1.5 8.833382e+03 8.764160e+03 8.769192e+03 8.838414e+03
2.5 8.867704e+03 8.791662e+03 8.804653e+03 8.880695e+03
3.5 8.804650e+03 8.781353e+03 8.797776e+03 8.821073e+03
4.5 8.708230e+03 8.756747e+03 8.774500e+03 8.725983e+03
5.5 8.689971e+03 8.738353e+03 8.756546e+03 8.708164e+03
6.5 8.769641e+03 8.760210e+03 8.778586e+03 8.788018e+03
7.5 8.783571e+03 8.790303e+03 8.808555e+03 8.801823e+03
8.5 8.728583e+03 8.781153e+03 8.799289e+03 8.746718e+03
9.5 8.715549e+03 8.757041e+03 8.775066e+03 8.733573e+03
10.5 8.748114e+03 8.739463e+03 8.755470e+03 8.764121e+03
0.5 8.689971e+03 8.738353e+03 8.756546e+03 8.708164e+03
1.5 8.769641e+03 8.760210e+03 8.778586e+03 8.788018e+03
2.5 8.783571e+03 8.790303e+03 8.808555e+03 8.801823e+03
3.5 8.728583e+03 8.781153e+03 8.799289e+03 8.746718e+03
4.5 8.715549e+03 8.757041e+03 8.775066e+03 8.733573e+03
5.5 8.748114e+03 8.739463e+03 8.755470e+03 8.764121e+03
6.5 8.804353e+03 8.776875e+03 8.744030e+03 8.771508e+03
7.5 8.849644e+03 8.823436e+03 8.738552e+03 8.764760e+03
8.5 8.837917e+03 8.811156e+03 8.736184e+03 8.762946e+03
9.5 8.752865e+03 8.776319e+03 8.735270e+03 8.711816e+03
10.5 8.763321e+03 8.749265e+03 8.736278e+03 8.750333e+03
0.5 8.763321e+03 8.749265e+03 8.736278e+03 8.750333e+03
1.5 8.797889e+03 8.766069e+03 8.769491e+03 8.801311e+03
2.5 8.820571e+03 8.793672e+03 8.805122e+03 8.832021e+03
3.5 8.752167e+03 8.783468e+03 8.798427e+03 8.767126e+03
4.5 8.703789e+03 8.758965e+03 8.775340e+03 8.720164e+03
5.5 8.669263e+03 8.739361e+03 8.756281e+03 8.686183e+03
6.5 8.733163e+03 8.729290e+03 8.746520e+03 8.750393e+03
7.5 8.774858e+03 8.757288e+03 8.774533e+03 8.792104e+03
8.5 8.809060e+03 8.790568e+03 8.807846e+03 8.826338e+03
9.5 8.775586e+03 8.782944e+03 8.800273e+03 8.792915e+03
10.5 8.654637e+03 8.759519e+03 8.776919e+03 8.672037e+03
0.5 8.733163e+03 8.729290e+03 8.746520e+03 8.750393e+03
1.5 8.774858e+03 8.757288e+03 8.774533e+03 8.792104e+03
2.5 8.809060e+03 8.790568e+03 8.807846e+03 8.826338e+03
3.5 8.775586e+03 8.782944e+03 8.800273e+03 8.792915e+03
4.5 8.654637e+03 8.759519e+03 8.776919e+03 8.672037e+03
5.5 8.699796e+03 8.740282e+03 8.757770e+03 8.717283e+03
6.5 8.758421e+03 8.730538e+03 8.748131e+03 8.776014e+03
7.5 8.759854e+03 8.758540e+03 8.776266e+03 8.777579e+03
8.5 8.751762e+03 8.791819e+03 8.809706e+03 8.769650e+03
9.5 8.742301e+03 8.784189e+03 8.802267e+03 8.760380e+03
10.5 8.733718e+03 8.760754e+03 8.779052e+03 8.752016e+03
0.5 8.758421e+03 8.730538e+03 8.748131e+03 8.776014e+03
1.5 8.759854e+03 8.758540e+03 8.776266e+03 8.777579e+03
2.5 8.751762e+03 8.791819e+03 8.809706e+03 8.769650e+03
3.5 8.742301e+03 8.784189e+03 8.802267e+03 8.760380e+03
4.5 8.733718e+03 8.760754e+03 8.779052e+03 8.752016e+03
5.5 8.761129e+03 8.741500e+03 8.760046e+03 8.779675e+03
6.5 8.742257e+03 8.730430e+03 8.749252e+03 8.761079e+03
7.5 8.740721e+03 8.726392e+03 8.745519e+03 8.759848e+03
8.5 8.774180e+03 8.757457e+03 8.776919e+03 8.793642e+03
9.5 8.821650e+03 8.792138e+03 8.811965e+03 8.841477e+03
10.5 8.804971e+03 8.785073e+03 8.805296e+03 8.825194e+03
0.5 8.740721e+03 8.726392e+03 8.745519e+03 8.759848e+03
1.5 8.774180e+03 8.757457e+03 8.776919e+03 8.793642e+03
2.5 8.821650e+03 8.792138e+03 8.811965e+03 8.841477e+03
3.5 8.804971e+03 8.785073e+03 8.805296e+03 8.825194e+03
4.5 8.766906e+03 8.761767e+03 8.782416e+03 8.787556e+03
5.5 8.727595e+03 8.742677e+03 8.763785e+03 8.748703e+03
6.5 8.682612e+03 8.731549e+03 8.753148e+03 8.704210e+03
7.5 8.712096e+03 8.726147e+03 8.748268e+03 8.734217e+03
8.5 8.800619e+03 8.723832e+03 8.746507e+03 8.823295e+03
9.5 8.849335e+03 8.722945e+03 8.746207e+03 8.872597e+03
10.5 8.860778e+03 8.722649e+03 8.746532e+03 8.884661e+03
