0.5 6.259800e+03 6.296481e+03 6.309288e+03 6.272606e+03
1.5 6.431012e+03 6.370545e+03 6.385725e+03 6.446193e+03
2.5 6.442902e+03 6.449446e+03 6.466922e+03 6.460378e+03
3.5 6.657317e+03 6.434272e+03 6.453891e+03 6.676935e+03
4.5 6.501452e+03 6.382705e+03 6.404323e+03 6.523069e+03
5.5 6.469684e+03 6.342955e+03 6.366523e+03 6.493252e+03
6.5 6.291003e+03 6.392099e+03 6.417595e+03 6.316500e+03
7.5 6.268783e+03 6.458846e+03 6.486233e+03 6.296170e+03
8.5 6.330349e+03 6.438381e+03 6.467557e+03 6.359525e+03
9.5 6.336839e+03 6.384693e+03 6.415554e+03 6.367700e+03
10.5 6.227208e+03 6.344171e+03 6.376666e+03 6.259704e+03
0.5 6.469684e+03 6.342955e+03 6.366523e+03 6.493252e+03
1.5 6.291003e+03 6.392099e+03 6.417595e+03 6.316500e+03
2.5 6.268783e+03 6.458846e+03 6.486233e+03 6.296170e+03
3.5 6.330349e+03 6.438381e+03 6.467557e+03 6.359525e+03
4.5 6.336839e+03 6.384693e+03 6.415554e+03 6.367700e+03
5.5 6.227208e+03 6.344171e+03 6.376666e+03 6.259704e+03
6.5 6.205110e+03 6.392934e+03 6.427028e+03 6.239204e+03
7.5 6.408000e+03 6.459782e+03 6.495429e+03 6.443648e+03
8.5 6.386897e+03 6.439398e+03 6.476544e+03 6.424043e+03
9.5 6.472461e+03 6.385770e+03 6.424352e+03 6.511043e+03
10.5 6.283895e+03 6.342413e+03 6.382367e+03 6.323849e+03
0.5 6.227208e+03 6.344171e+03 6.376666e+03 6.259704e+03
1.5 6.205110e+03 6.392934e+03 6.427028e+03 6.239204e+03
2.5 6.408000e+03 6.459782e+03 6.495429e+03 6.443648e+03
3.5 6.386897e+03 6.439398e+03 6.476544e+03 6.424043e+03
4.5 6.472461e+03 6.385770e+03 6.424352e+03 6.511043e+03
5.5 6.283895e+03 6.342413e+03 6.382367e+03 6.323849e+03
6.5 6.371901e+03 6.320067e+03 6.358419e+03 6.410253e+03
7.5 6.352515e+03 6.382471e+03 6.347638e+03 6.317681e+03
8.5 6.500897e+03 6.456664e+03 6.343687e+03 6.387920e+03
9.5 6.442399e+03 6.439486e+03 6.342883e+03 6.345796e+03
10.5 6.458502e+03 6.387006e+03 6.343373e+03 6.414870e+03
0.5 6.465377e+03 6.348805e+03 6.352821e+03 6.469393e+03
1.5 6.402678e+03 6.397576e+03 6.427911e+03 6.433013e+03
2.5 6.526502e+03 6.464494e+03 6.507812e+03 6.569820e+03
3.5 6.471637e+03 6.444176e+03 6.493513e+03 6.520974e+03
4.5 6.443936e+03 6.390591e+03 6.442689e+03 6.496034e+03
5.5 6.380817e+03 6.347273e+03 6.400745e+03 6.434289e+03
6.5 6.321183e+03 6.324968e+03 6.376487e+03 6.372702e+03
7.5 6.355672e+03 6.387410e+03 6.364942e+03 6.333205e+03
8.5 6.451552e+03 6.461616e+03 6.360245e+03 6.350181e+03
9.5 6.515210e+03 6.444428e+03 6.358709e+03 6.429491e+03
10.5 6.492390e+03 6.391930e+03 6.358479e+03 6.458940e+03
0.5 6.321641e+03 6.328138e+03 6.364680e+03 6.358183e+03
1.5 6.425932e+03 6.390079e+03 6.439108e+03 6.474960e+03
2.5 6.455519e+03 6.463788e+03 6.518370e+03 6.510101e+03
3.5 6.492437e+03 6.446546e+03 6.503456e+03 6.549346e+03
4.5 6.419093e+03 6.394165e+03 6.452041e+03 6.476969e+03
5.5 6.368016e+03 6.351077e+03 6.409529e+03 6.426469e+03
6.5 6.334423e+03 6.326172e+03 6.384719e+03 6.392970e+03
7.5 6.321425e+03 6.316909e+03 6.372634e+03 6.377151e+03
8.5 6.265644e+03 6.386041e+03 6.367422e+03 6.247025e+03
9.5 6.481473e+03 6.463249e+03 6.365403e+03 6.383627e+03
10.5 6.562416e+03 6.447207e+03 6.364722e+03 6.479931e+03
0.5 6.256816e+03 6.317640e+03 6.368507e+03 6.307683e+03
1.5 6.369454e+03 6.386308e+03 6.442701e+03 6.425847e+03
2.5 6.444754e+03 6.463055e+03 6.521762e+03 6.503461e+03
3.5 6.477120e+03 6.447004e+03 6.506675e+03 6.536791e+03
4.5 6.436236e+03 6.394857e+03 6.455114e+03 6.496492e+03
5.5 6.344056e+03 6.352115e+03 6.412480e+03 6.404421e+03
6.5 6.375456e+03 6.327093e+03 6.387578e+03 6.435940e+03
7.5 6.347987e+03 6.317726e+03 6.378331e+03 6.408591e+03
8.5 6.356240e+03 6.386442e+03 6.447165e+03 6.416963e+03
9.5 6.449853e+03 6.463224e+03 6.524063e+03 6.510692e+03
10.5 6.554813e+03 6.447204e+03 6.508156e+03 6.615766e+03
0.5 6.347987e+03 6.317726e+03 6.378331e+03 6.408591e+03
1.5 6.356240e+03 6.386442e+03 6.447165e+03 6.416963e+03
2.5 6.449853e+03 6.463224e+03 6.524063e+03 6.510692e+03
3.5 6.554813e+03 6.447204e+03 6.508156e+03 6.615766e+03
4.5 6.505431e+03 6.395078e+03 6.456145e+03 6.566498e+03
5.5 6.496637e+03 6.355281e+03 6.413548e+03 6.554904e+03
6.5 6.401558e+03 6.404757e+03 6.388696e+03 6.385497e+03
7.5 6.497097e+03 6.471876e+03 6.376598e+03 6.401818e+03
8.5 6.531602e+03 6.451298e+03 6.371380e+03 6.451684e+03
9.5 6.335048e+03 6.397278e+03 6.369358e+03 6.307128e+03
10.5 6.392183e+03 6.356501e+03 6.368690e+03 6.404372e+03
0.5 6.375879e+03 6.357421e+03 6.372013e+03 6.390471e+03
1.5 6.414945e+03 6.406124e+03 6.446272e+03 6.455094e+03
2.5 6.413758e+03 6.472990e+03 6.525377e+03 6.466145e+03
3.5 6.447479e+03 6.452633e+03 6.510310e+03 6.505155e+03
4.5 6.339107e+03 6.399025e+03 6.458745e+03 6.398827e+03
5.5 6.167616e+03 6.358619e+03 6.416087e+03 6.225084e+03
6.5 6.174507e+03 6.407872e+03 6.391144e+03 6.157779e+03
7.5 6.600072e+03 6.475267e+03 6.378939e+03 6.503744e+03
8.5 6.309228e+03 6.454976e+03 6.373606e+03 6.227858e+03
9.5 6.407653e+03 6.401248e+03 6.371454e+03 6.377858e+03
10.5 6.158853e+03 6.357845e+03 6.370625e+03 6.171634e+03
0.5 6.411922e+03 6.329770e+03 6.359790e+03 6.441942e+03
1.5 6.451934e+03 6.404472e+03 6.432738e+03 6.480200e+03
2.5 6.574896e+03 6.484029e+03 6.510503e+03 6.601370e+03
3.5 6.607026e+03 6.469425e+03 6.494073e+03 6.631674e+03
4.5 6.472826e+03 6.418319e+03 6.441122e+03 6.495629e+03
5.5 6.357089e+03 6.376106e+03 6.397056e+03 6.378040e+03
6.5 6.551622e+03 6.354507e+03 6.373578e+03 6.570692e+03
7.5 6.477510e+03 6.416856e+03 6.434008e+03 6.494663e+03
8.5 6.589743e+03 6.490952e+03 6.506151e+03 6.604942e+03
9.5 6.574710e+03 6.474093e+03 6.487308e+03 6.587924e+03
10.5 6.474771e+03 6.422094e+03 6.433301e+03 6.485978e+03
0.5 6.551622e+03 6.354507e+03 6.373578e+03 6.570692e+03
1.5 6.477510e+03 6.416856e+03 6.434008e+03 6.494663e+03
2.5 6.589743e+03 6.490952e+03 6.506151e+03 6.604942e+03
3.5 6.574710e+03 6.474093e+03 6.487308e+03 6.587924e+03
4.5 6.474771e+03 6.422094e+03 6.433301e+03 6.485978e+03
5.5 6.327013e+03 6.379355e+03 6.388569e+03 6.336227e+03
6.5 6.373285e+03 6.354766e+03 6.362018e+03 6.380537e+03
7.5 6.296690e+03 6.345822e+03 6.351097e+03 6.301966e+03
8.5 6.246727e+03 6.414974e+03 6.418236e+03 6.249989e+03
9.5 6.395914e+03 6.492204e+03 6.493419e+03 6.397128e+03
10.5 6.338073e+03 6.476637e+03 6.475781e+03 6.337217e+03
0.5 6.296690e+03 6.345822e+03 6.351097e+03 6.301966e+03
1.5 6.246727e+03 6.414974e+03 6.418236e+03 6.249989e+03
2.5 6.395914e+03 6.492204e+03 6.493419e+03 6.397128e+03
3.5 6.338073e+03 6.476637e+03 6.475781e+03 6.337217e+03
4.5 6.213354e+03 6.424971e+03 6.422031e+03 6.210415e+03
5.5 6.245393e+03 6.382635e+03 6.377605e+03 6.240362e+03
6.5 6.433091e+03 6.357942e+03 6.350819e+03 6.425968e+03
7.5 6.354234e+03 6.346009e+03 6.336796e+03 6.345021e+03
