0.5 9.502604e+03 9.441828e+03 9.471868e+03 9.532644e+03
1.5 9.568451e+03 9.500301e+03 9.538881e+03 9.607031e+03
2.5 9.631865e+03 9.568724e+03 9.610433e+03 9.673575e+03
3.5 9.586937e+03 9.553094e+03 9.595441e+03 9.629283e+03
4.5 9.543078e+03 9.504980e+03 9.546938e+03 9.585036e+03
5.5 9.395401e+03 9.468041e+03 9.509351e+03 9.436711e+03
6.5 9.512876e+03 9.513280e+03 9.553605e+03 9.553201e+03
7.5 9.586017e+03 9.574731e+03 9.614109e+03 9.625395e+03
8.5 9.539758e+03 9.555919e+03 9.594390e+03 9.578228e+03
9.5 9.433291e+03 9.506505e+03 9.544105e+03 9.470892e+03
10.5 9.503918e+03 9.468834e+03 9.503308e+03 9.538392e+03
0.5 9.395401e+03 9.468041e+03 9.509351e+03 9.436711e+03
1.5 9.512876e+03 9.513280e+03 9.553605e+03 9.553201e+03
2.5 9.586017e+03 9.574731e+03 9.614109e+03 9.625395e+03
3.5 9.539758e+03 9.555919e+03 9.594390e+03 9.578228e+03
4.5 9.433291e+03 9.506505e+03 9.544105e+03 9.470892e+03
5.5 9.503918e+03 9.468834e+03 9.503308e+03 9.538392e+03
6.5 9.417113e+03 9.504211e+03 9.479209e+03 9.392111e+03
7.5 9.541660e+03 9.555611e+03 9.467321e+03 9.453370e+03
8.5 9.647808e+03 9.538775e+03 9.461810e+03 9.570843e+03
9.5 9.400121e+03 9.495989e+03 9.459281e+03 9.363413e+03
10.5 9.446814e+03 9.461508e+03 9.458024e+03 9.443330e+03
0.5 9.437951e+03 9.444083e+03 9.459812e+03 9.453681e+03
1.5 9.499732e+03 9.502684e+03 9.527558e+03 9.524606e+03
2.5 9.646731e+03 9.571212e+03 9.599806e+03 9.675326e+03
3.5 9.510762e+03 9.555663e+03 9.585474e+03 9.540573e+03
4.5 9.498084e+03 9.507621e+03 9.537614e+03 9.528077e+03
5.5 9.503108e+03 9.468081e+03 9.497984e+03 9.533012e+03
6.5 9.381425e+03 9.447877e+03 9.477344e+03 9.410892e+03
7.5 9.521267e+03 9.504889e+03 9.533946e+03 9.550324e+03
8.5 9.585570e+03 9.572703e+03 9.601377e+03 9.614244e+03
9.5 9.499474e+03 9.556847e+03 9.585162e+03 9.527788e+03
10.5 9.541698e+03 9.508667e+03 9.536647e+03 9.569678e+03
0.5 9.381425e+03 9.447877e+03 9.477344e+03 9.410892e+03
1.5 9.521267e+03 9.504889e+03 9.533946e+03 9.550324e+03
2.5 9.585570e+03 9.572703e+03 9.601377e+03 9.614244e+03
3.5 9.499474e+03 9.556847e+03 9.585162e+03 9.527788e+03
4.5 9.541698e+03 9.508667e+03 9.536647e+03 9.569678e+03
5.5 9.518416e+03 9.469039e+03 9.496706e+03 9.546083e+03
6.5 9.532873e+03 9.448444e+03 9.473525e+03 9.557955e+03
7.5 9.463814e+03 9.495964e+03 9.462092e+03 9.429943e+03
8.5 9.542014e+03 9.553660e+03 9.457007e+03 9.445360e+03
9.5 9.659699e+03 9.539716e+03 9.454876e+03 9.574859e+03
10.5 9.580577e+03 9.498106e+03 9.453991e+03 9.536462e+03
0.5 9.346777e+03 9.437179e+03 9.455960e+03 9.365558e+03
1.5 9.473569e+03 9.501124e+03 9.524034e+03 9.496479e+03
2.5 9.538148e+03 9.572069e+03 9.596578e+03 9.562657e+03
3.5 9.568306e+03 9.557465e+03 9.582513e+03 9.593354e+03
4.5 9.572239e+03 9.509597e+03 9.534890e+03 9.597532e+03
5.5 9.605824e+03 9.470298e+03 9.495475e+03 9.631001e+03
6.5 9.472053e+03 9.447291e+03 9.472368e+03 9.497130e+03
7.5 9.508630e+03 9.438675e+03 9.463657e+03 9.533612e+03
8.5 9.439782e+03 9.501880e+03 9.526767e+03 9.464669e+03
9.5 9.512581e+03 9.572497e+03 9.597286e+03 9.537370e+03
10.5 9.584187e+03 9.557737e+03 9.582427e+03 9.608877e+03
0.5 9.508630e+03 9.438675e+03 9.463657e+03 9.533612e+03
1.5 9.439782e+03 9.501880e+03 9.526767e+03 9.464669e+03
2.5 9.512581e+03 9.572497e+03 9.597286e+03 9.537370e+03
3.5 9.584187e+03 9.557737e+03 9.582427e+03 9.608877e+03
4.5 9.451712e+03 9.509764e+03 9.534356e+03 9.476304e+03
5.5 9.547396e+03 9.470424e+03 9.494926e+03 9.571899e+03
6.5 9.427327e+03 9.447379e+03 9.471803e+03 9.451751e+03
7.5 9.459356e+03 9.438359e+03 9.460409e+03 9.481407e+03
8.5 9.468142e+03 9.492067e+03 9.455349e+03 9.431424e+03
9.5 9.579512e+03 9.552570e+03 9.453230e+03 9.480172e+03
10.5 9.556794e+03 9.539737e+03 9.452347e+03 9.469404e+03
0.5 9.440569e+03 9.467259e+03 9.453633e+03 9.426943e+03
1.5 9.519204e+03 9.515633e+03 9.521692e+03 9.525263e+03
2.5 9.604099e+03 9.578586e+03 9.594228e+03 9.619740e+03
3.5 9.592401e+03 9.560388e+03 9.580162e+03 9.612176e+03
4.5 9.480950e+03 9.511175e+03 9.532551e+03 9.502326e+03
5.5 9.418778e+03 9.473919e+03 9.495824e+03 9.440683e+03
6.5 9.537243e+03 9.518782e+03 9.540908e+03 9.559369e+03
7.5 9.706134e+03 9.580234e+03 9.602211e+03 9.728110e+03
8.5 9.552958e+03 9.561420e+03 9.583256e+03 9.574794e+03
9.5 9.464717e+03 9.512004e+03 9.533706e+03 9.486419e+03
10.5 9.440196e+03 9.474351e+03 9.493624e+03 9.459470e+03
0.5 9.418778e+03 9.473919e+03 9.495824e+03 9.440683e+03
1.5 9.537243e+03 9.518782e+03 9.540908e+03 9.559369e+03
2.5 9.706134e+03 9.580234e+03 9.602211e+03 9.728110e+03
3.5 9.552958e+03 9.561420e+03 9.583256e+03 9.574794e+03
4.5 9.464717e+03 9.512004e+03 9.533706e+03 9.486419e+03
5.5 9.440196e+03 9.474351e+03 9.493624e+03 9.459470e+03
6.5 9.474746e+03 9.509769e+03 9.470223e+03 9.435200e+03
7.5 9.563081e+03 9.561221e+03 9.459017e+03 9.460877e+03
8.5 9.596465e+03 9.544443e+03 9.454174e+03 9.506196e+03
9.5 9.432822e+03 9.501729e+03 9.452303e+03 9.383397e+03
10.5 9.440035e+03 9.470002e+03 9.454365e+03 9.424398e+03
0.5 9.440035e+03 9.470002e+03 9.454365e+03 9.424398e+03
1.5 9.470659e+03 9.518183e+03 9.522303e+03 9.474779e+03
2.5 9.612875e+03 9.581402e+03 9.595188e+03 9.626662e+03
3.5 9.574237e+03 9.563481e+03 9.581493e+03 9.592249e+03
4.5 9.392358e+03 9.514551e+03 9.534267e+03 9.412075e+03
5.5 9.452256e+03 9.474910e+03 9.495283e+03 9.472628e+03
6.5 9.413798e+03 9.454570e+03 9.475316e+03 9.434544e+03
7.5 9.468202e+03 9.511853e+03 9.532617e+03 9.488966e+03
8.5 9.547870e+03 9.579956e+03 9.600759e+03 9.568673e+03
9.5 9.551112e+03 9.564405e+03 9.585270e+03 9.571977e+03
10.5 9.406511e+03 9.516548e+03 9.537498e+03 9.427461e+03
0.5 9.413798e+03 9.454570e+03 9.475316e+03 9.434544e+03
1.5 9.468202e+03 9.511853e+03 9.532617e+03 9.488966e+03
2.5 9.547870e+03 9.579956e+03 9.600759e+03 9.568673e+03
3.5 9.551112e+03 9.564405e+03 9.585270e+03 9.571977e+03
4.5 9.406511e+03 9.516548e+03 9.537498e+03 9.427461e+03
5.5 9.412999e+03 9.477272e+03 9.498327e+03 9.434054e+03
6.5 9.477574e+03 9.457428e+03 9.478610e+03 9.498757e+03
7.5 9.366907e+03 9.514819e+03 9.536161e+03 9.388249e+03
8.5 9.464414e+03 9.583027e+03 9.604564e+03 9.485951e+03
9.5 9.633737e+03 9.567581e+03 9.589348e+03 9.655505e+03
10.5 9.510435e+03 9.519829e+03 9.541861e+03 9.532466e+03
0.5 9.477574e+03 9.457428e+03 9.478610e+03 9.498757e+03
1.5 9.366907e+03 9.514819e+03 9.536161e+03 9.388249e+03
2.5 9.464414e+03 9.583027e+03 9.604564e+03 9.485951e+03
3.5 9.633737e+03 9.567581e+03 9.589348e+03 9.655505e+03
4.5 9.510435e+03 9.519829e+03 9.541861e+03 9.532466e+03
5.5 9.541719e+03 9.480654e+03 9.502984e+03 9.564049e+03
6.5 9.528039e+03 9.458242e+03 9.480905e+03 9.550702e+03
7.5 9.448611e+03 9.450238e+03 9.473268e+03 9.471641e+03
8.5 9.500881e+03 9.514064e+03 9.537497e+03 9.524314e+03
9.5 9.604009e+03 9.585312e+03 9.609184e+03 9.627881e+03
10.5 9.631610e+03 9.571195e+03 9.595544e+03 9.655959e+03
0.5 9.448611e+03 9.450238e+03 9.473268e+03 9.471641e+03
1.5 9.500881e+03 9.514064e+03 9.537497e+03 9.524314e+03
2.5 9.604009e+03 9.585312e+03 9.609184e+03 9.627881e+03
3.5 9.631610e+03 9.571195e+03 9.595544e+03 9.655959e+03
4.5 9.529630e+03 9.523880e+03 9.548743e+03 9.554493e+03
5.5 9.483616e+03 9.485217e+03 9.510632e+03 9.509031e+03
6.5 9.369582e+03 9.462868e+03 9.488874e+03 9.395588e+03
7.5 9.294146e+03 9.452257e+03 9.478892e+03 9.320780e+03
8.5 9.505833e+03 9.447987e+03 9.475290e+03 9.533135e+03
9.5 9.519104e+03 9.446667e+03 9.474675e+03 9.547113e+03
10.5 9.501984e+03 9.446584e+03 9.475341e+03 9.530741e+03
