0.5 6.371901e+03 6.320067e+03 6.357993e+03 6.409827e+03
1.5 6.352515e+03 6.382471e+03 6.431179e+03 6.401222e+03
2.5 6.500897e+03 6.456664e+03 6.509322e+03 6.553555e+03
3.5 6.442399e+03 6.439486e+03 6.492949e+03 6.495862e+03
4.5 6.458502e+03 6.387006e+03 6.439978e+03 6.511475e+03
5.5 6.402673e+03 6.346775e+03 6.398928e+03 6.454826e+03
6.5 6.336828e+03 6.396349e+03 6.447259e+03 6.387738e+03
7.5 6.478045e+03 6.463621e+03 6.513336e+03 6.527760e+03
8.5 6.429498e+03 6.443232e+03 6.491801e+03 6.478067e+03
9.5 6.482970e+03 6.389414e+03 6.436884e+03 6.530440e+03
10.5 6.465377e+03 6.348805e+03 6.392329e+03 6.508901e+03
0.5 6.402673e+03 6.346775e+03 6.398928e+03 6.454826e+03
1.5 6.336828e+03 6.396349e+03 6.447259e+03 6.387738e+03
2.5 6.478045e+03 6.463621e+03 6.513336e+03 6.527760e+03
3.5 6.429498e+03 6.443232e+03 6.491801e+03 6.478067e+03
4.5 6.482970e+03 6.389414e+03 6.436884e+03 6.530440e+03
5.5 6.465377e+03 6.348805e+03 6.392329e+03 6.508901e+03
6.5 6.402678e+03 6.397576e+03 6.366010e+03 6.371112e+03
7.5 6.526502e+03 6.464494e+03 6.353027e+03 6.415036e+03
8.5 6.471637e+03 6.444176e+03 6.347009e+03 6.374470e+03
9.5 6.443936e+03 6.390591e+03 6.344247e+03 6.397592e+03
10.5 6.380817e+03 6.347273e+03 6.342874e+03 6.376418e+03
0.5 6.321183e+03 6.324968e+03 6.344827e+03 6.341042e+03
1.5 6.355672e+03 6.387410e+03 6.418813e+03 6.387075e+03
2.5 6.451552e+03 6.461616e+03 6.497716e+03 6.487652e+03
3.5 6.515210e+03 6.444428e+03 6.482064e+03 6.552847e+03
4.5 6.492390e+03 6.391930e+03 6.429796e+03 6.530256e+03
5.5 6.212437e+03 6.348762e+03 6.386515e+03 6.250190e+03
6.5 6.306005e+03 6.326772e+03 6.363974e+03 6.343207e+03
7.5 6.324259e+03 6.389105e+03 6.425790e+03 6.360944e+03
8.5 6.385499e+03 6.463231e+03 6.499431e+03 6.421700e+03
9.5 6.438969e+03 6.445976e+03 6.481723e+03 6.474717e+03
10.5 6.405724e+03 6.393414e+03 6.428739e+03 6.441048e+03
0.5 6.306005e+03 6.326772e+03 6.363974e+03 6.343207e+03
1.5 6.324259e+03 6.389105e+03 6.425790e+03 6.360944e+03
2.5 6.385499e+03 6.463231e+03 6.499431e+03 6.421700e+03
3.5 6.438969e+03 6.445976e+03 6.481723e+03 6.474717e+03
4.5 6.405724e+03 6.393414e+03 6.428739e+03 6.441048e+03
5.5 6.289476e+03 6.350189e+03 6.385119e+03 6.324405e+03
6.5 6.321641e+03 6.328138e+03 6.359803e+03 6.353307e+03
7.5 6.425932e+03 6.390079e+03 6.347317e+03 6.383169e+03
8.5 6.455519e+03 6.463788e+03 6.341763e+03 6.333494e+03
9.5 6.492437e+03 6.446546e+03 6.339436e+03 6.385326e+03
10.5 6.419093e+03 6.394165e+03 6.338470e+03 6.363398e+03
0.5 6.321425e+03 6.316909e+03 6.340620e+03 6.345136e+03
1.5 6.265644e+03 6.386041e+03 6.414964e+03 6.294567e+03
2.5 6.481473e+03 6.463249e+03 6.494191e+03 6.512415e+03
3.5 6.562416e+03 6.447207e+03 6.478830e+03 6.594039e+03
4.5 6.474164e+03 6.394888e+03 6.426820e+03 6.506096e+03
5.5 6.488847e+03 6.351989e+03 6.383775e+03 6.520633e+03
6.5 6.316353e+03 6.326879e+03 6.358540e+03 6.348013e+03
7.5 6.291034e+03 6.317486e+03 6.349026e+03 6.322574e+03
8.5 6.450439e+03 6.386529e+03 6.417949e+03 6.481859e+03
9.5 6.355812e+03 6.463667e+03 6.494964e+03 6.387109e+03
10.5 6.547725e+03 6.447565e+03 6.478737e+03 6.578897e+03
0.5 6.291034e+03 6.317486e+03 6.349026e+03 6.322574e+03
1.5 6.450439e+03 6.386529e+03 6.417949e+03 6.481859e+03
2.5 6.355812e+03 6.463667e+03 6.494964e+03 6.387109e+03
3.5 6.547725e+03 6.447565e+03 6.478737e+03 6.578897e+03
4.5 6.370806e+03 6.395190e+03 6.426237e+03 6.401853e+03
5.5 6.323561e+03 6.352241e+03 6.383176e+03 6.354495e+03
6.5 6.343656e+03 6.327087e+03 6.357922e+03 6.374491e+03
7.5 6.256816e+03 6.317640e+03 6.345479e+03 6.284655e+03
8.5 6.369454e+03 6.386308e+03 6.339952e+03 6.323098e+03
9.5 6.444754e+03 6.463055e+03 6.337638e+03 6.319337e+03
10.5 6.477120e+03 6.447004e+03 6.336674e+03 6.366790e+03
0.5 6.496637e+03 6.355281e+03 6.338078e+03 6.479433e+03
1.5 6.401558e+03 6.404757e+03 6.412406e+03 6.409207e+03
2.5 6.497097e+03 6.471876e+03 6.491624e+03 6.516844e+03
3.5 6.531602e+03 6.451298e+03 6.476263e+03 6.556567e+03
4.5 6.335048e+03 6.397278e+03 6.424265e+03 6.362035e+03
5.5 6.392183e+03 6.356501e+03 6.384156e+03 6.419838e+03
6.5 6.456807e+03 6.405459e+03 6.433393e+03 6.484742e+03
7.5 6.456235e+03 6.472597e+03 6.500343e+03 6.483981e+03
8.5 6.368360e+03 6.452074e+03 6.479641e+03 6.395928e+03
9.5 6.341904e+03 6.398128e+03 6.425528e+03 6.369304e+03
10.5 6.375879e+03 6.357421e+03 6.381753e+03 6.400211e+03
0.5 6.392183e+03 6.356501e+03 6.384156e+03 6.419838e+03
1.5 6.456807e+03 6.405459e+03 6.433393e+03 6.484742e+03
2.5 6.456235e+03 6.472597e+03 6.500343e+03 6.483981e+03
3.5 6.368360e+03 6.452074e+03 6.479641e+03 6.395928e+03
4.5 6.341904e+03 6.398128e+03 6.425528e+03 6.369304e+03
5.5 6.375879e+03 6.357421e+03 6.381753e+03 6.400211e+03
6.5 6.414945e+03 6.406124e+03 6.356197e+03 6.365018e+03
7.5 6.413758e+03 6.472990e+03 6.343958e+03 6.284726e+03
8.5 6.447479e+03 6.452633e+03 6.338669e+03 6.333514e+03
9.5 6.339107e+03 6.399025e+03 6.336626e+03 6.276708e+03
10.5 6.167616e+03 6.358619e+03 6.338877e+03 6.147874e+03
0.5 6.167616e+03 6.358619e+03 6.338877e+03 6.147874e+03
1.5 6.174507e+03 6.407872e+03 6.413074e+03 6.179709e+03
2.5 6.600072e+03 6.475267e+03 6.492673e+03 6.617478e+03
3.5 6.309228e+03 6.454976e+03 6.477716e+03 6.331967e+03
4.5 6.407653e+03 6.401248e+03 6.426140e+03 6.432544e+03
5.5 6.158853e+03 6.357845e+03 6.383564e+03 6.184573e+03
6.5 6.368292e+03 6.335567e+03 6.361758e+03 6.394483e+03
7.5 6.345246e+03 6.398123e+03 6.424337e+03 6.371460e+03
8.5 6.460251e+03 6.472493e+03 6.498757e+03 6.486515e+03
9.5 6.532853e+03 6.455499e+03 6.481841e+03 6.559194e+03
10.5 6.280720e+03 6.403219e+03 6.429669e+03 6.307170e+03
0.5 6.368292e+03 6.335567e+03 6.361758e+03 6.394483e+03
1.5 6.345246e+03 6.398123e+03 6.424337e+03 6.371460e+03
2.5 6.460251e+03 6.472493e+03 6.498757e+03 6.486515e+03
3.5 6.532853e+03 6.455499e+03 6.481841e+03 6.559194e+03
4.5 6.280720e+03 6.403219e+03 6.429669e+03 6.307170e+03
5.5 6.270036e+03 6.360307e+03 6.386889e+03 6.296618e+03
6.5 6.217564e+03 6.338614e+03 6.365357e+03 6.244307e+03
7.5 6.319475e+03 6.401264e+03 6.428209e+03 6.346419e+03
8.5 6.316708e+03 6.475722e+03 6.502913e+03 6.343899e+03
9.5 6.465418e+03 6.458814e+03 6.486295e+03 6.492900e+03
10.5 6.389223e+03 6.406618e+03 6.434433e+03 6.417038e+03
0.5 6.217564e+03 6.338614e+03 6.365357e+03 6.244307e+03
1.5 6.319475e+03 6.401264e+03 6.428209e+03 6.346419e+03
2.5 6.316708e+03 6.475722e+03 6.502913e+03 6.343899e+03
3.5 6.465418e+03 6.458814e+03 6.486295e+03 6.492900e+03
4.5 6.389223e+03 6.406618e+03 6.434433e+03 6.417038e+03
5.5 6.323542e+03 6.363783e+03 6.391975e+03 6.351733e+03
6.5 6.228945e+03 6.339251e+03 6.367862e+03 6.257556e+03
7.5 6.486655e+03 6.330447e+03 6.359522e+03 6.515731e+03
8.5 6.452022e+03 6.400084e+03 6.429668e+03 6.481606e+03
9.5 6.486353e+03 6.477819e+03 6.507958e+03 6.516491e+03
10.5 6.566050e+03 6.462321e+03 6.493061e+03 6.596791e+03
0.5 6.486655e+03 6.330447e+03 6.359522e+03 6.515731e+03
1.5 6.452022e+03 6.400084e+03 6.429668e+03 6.481606e+03
2.5 6.486353e+03 6.477819e+03 6.507958e+03 6.516491e+03
3.5 6.566050e+03 6.462321e+03 6.493061e+03 6.596791e+03
4.5 6.530738e+03 6.410559e+03 6.441949e+03 6.562127e+03
5.5 6.258340e+03 6.368242e+03 6.400328e+03 6.290427e+03
6.5 6.236415e+03 6.343733e+03 6.376565e+03 6.269247e+03
7.5 6.237611e+03 6.332037e+03 6.365664e+03 6.271237e+03
8.5 6.371089e+03 6.327261e+03 6.361730e+03 6.405559e+03
9.5 6.467073e+03 6.325698e+03 6.361059e+03 6.502434e+03
10.5 6.424144e+03 6.325481e+03 6.361786e+03 6.460449e+03
