0.5 9.651724e+03 9.426303e+03 9.438029e+03 9.663450e+03
1.5 9.503054e+03 9.484673e+03 9.498573e+03 9.516954e+03
2.5 9.569364e+03 9.546886e+03 9.562887e+03 9.585366e+03
3.5 9.661728e+03 9.534602e+03 9.552566e+03 9.679691e+03
4.5 9.577427e+03 9.493510e+03 9.513304e+03 9.597221e+03
5.5 9.384680e+03 9.461784e+03 9.483364e+03 9.406260e+03
6.5 9.414368e+03 9.500471e+03 9.523817e+03 9.437714e+03
7.5 9.482087e+03 9.553107e+03 9.578184e+03 9.507164e+03
8.5 9.582190e+03 9.536676e+03 9.563391e+03 9.608906e+03
9.5 9.417736e+03 9.493942e+03 9.522200e+03 9.445994e+03
10.5 9.389975e+03 9.461643e+03 9.491398e+03 9.419729e+03
0.5 9.384680e+03 9.461784e+03 9.483364e+03 9.406260e+03
1.5 9.414368e+03 9.500471e+03 9.523817e+03 9.437714e+03
2.5 9.482087e+03 9.553107e+03 9.578184e+03 9.507164e+03
3.5 9.582190e+03 9.536676e+03 9.563391e+03 9.608906e+03
4.5 9.417736e+03 9.493942e+03 9.522200e+03 9.445994e+03
5.5 9.389975e+03 9.461643e+03 9.491398e+03 9.419729e+03
6.5 9.415267e+03 9.500070e+03 9.531289e+03 9.446485e+03
7.5 9.384796e+03 9.552827e+03 9.585468e+03 9.417437e+03
8.5 9.428234e+03 9.536496e+03 9.570509e+03 9.462247e+03
9.5 9.479542e+03 9.493841e+03 9.529169e+03 9.514870e+03
10.5 9.541854e+03 9.459329e+03 9.495913e+03 9.578438e+03
0.5 9.389975e+03 9.461643e+03 9.491398e+03 9.419729e+03
1.5 9.415267e+03 9.500070e+03 9.531289e+03 9.446485e+03
2.5 9.384796e+03 9.552827e+03 9.585468e+03 9.417437e+03
3.5 9.428234e+03 9.536496e+03 9.570509e+03 9.462247e+03
4.5 9.479542e+03 9.493841e+03 9.529169e+03 9.514870e+03
5.5 9.541854e+03 9.459329e+03 9.495913e+03 9.578438e+03
6.5 9.502604e+03 9.441828e+03 9.476945e+03 9.537721e+03
7.5 9.568451e+03 9.500301e+03 9.468405e+03 9.536556e+03
8.5 9.631865e+03 9.568724e+03 9.465276e+03 9.528417e+03
9.5 9.586937e+03 9.553094e+03 9.464639e+03 9.498481e+03
10.5 9.543078e+03 9.504980e+03 9.465027e+03 9.503126e+03
0.5 9.503918e+03 9.468834e+03 9.472511e+03 9.507595e+03
1.5 9.417113e+03 9.504211e+03 9.531988e+03 9.444889e+03
2.5 9.541660e+03 9.555611e+03 9.595276e+03 9.581324e+03
3.5 9.647808e+03 9.538775e+03 9.583950e+03 9.692983e+03
4.5 9.400121e+03 9.495989e+03 9.543693e+03 9.447825e+03
5.5 9.446814e+03 9.461508e+03 9.510470e+03 9.495776e+03
6.5 9.437951e+03 9.444083e+03 9.491256e+03 9.485124e+03
7.5 9.499732e+03 9.502684e+03 9.482112e+03 9.479160e+03
8.5 9.646731e+03 9.571212e+03 9.478391e+03 9.553911e+03
9.5 9.510762e+03 9.555663e+03 9.477174e+03 9.432273e+03
10.5 9.498084e+03 9.507621e+03 9.476992e+03 9.467455e+03
0.5 9.532873e+03 9.448444e+03 9.481904e+03 9.566333e+03
1.5 9.463814e+03 9.495964e+03 9.540857e+03 9.508708e+03
2.5 9.542014e+03 9.553660e+03 9.603639e+03 9.591992e+03
3.5 9.659699e+03 9.539716e+03 9.591825e+03 9.711809e+03
4.5 9.580577e+03 9.498106e+03 9.551100e+03 9.633571e+03
5.5 9.561600e+03 9.463906e+03 9.517428e+03 9.615122e+03
6.5 9.462228e+03 9.444168e+03 9.497776e+03 9.515836e+03
7.5 9.346777e+03 9.437179e+03 9.488204e+03 9.397803e+03
8.5 9.473569e+03 9.501124e+03 9.484076e+03 9.456521e+03
9.5 9.538148e+03 9.572069e+03 9.482476e+03 9.448555e+03
10.5 9.568306e+03 9.557465e+03 9.481937e+03 9.492778e+03
0.5 9.459356e+03 9.438359e+03 9.484935e+03 9.505933e+03
1.5 9.468142e+03 9.492067e+03 9.543703e+03 9.519778e+03
2.5 9.579512e+03 9.552570e+03 9.606325e+03 9.633267e+03
3.5 9.556794e+03 9.539737e+03 9.594375e+03 9.611432e+03
4.5 9.531179e+03 9.498361e+03 9.553535e+03 9.586353e+03
5.5 9.564703e+03 9.464492e+03 9.519766e+03 9.619977e+03
6.5 9.390409e+03 9.444658e+03 9.500041e+03 9.445792e+03
7.5 9.325748e+03 9.437224e+03 9.492716e+03 9.381241e+03
8.5 9.499188e+03 9.491638e+03 9.547239e+03 9.554790e+03
9.5 9.642814e+03 9.552440e+03 9.608148e+03 9.698522e+03
10.5 9.514970e+03 9.539737e+03 9.595548e+03 9.570781e+03
0.5 9.325748e+03 9.437224e+03 9.492716e+03 9.381241e+03
1.5 9.499188e+03 9.491638e+03 9.547239e+03 9.554790e+03
2.5 9.642814e+03 9.552440e+03 9.608148e+03 9.698522e+03
3.5 9.514970e+03 9.539737e+03 9.595548e+03 9.570781e+03
4.5 9.443965e+03 9.498435e+03 9.554352e+03 9.499882e+03
5.5 9.440569e+03 9.467259e+03 9.520612e+03 9.493922e+03
6.5 9.519204e+03 9.515633e+03 9.500927e+03 9.504498e+03
7.5 9.604099e+03 9.578586e+03 9.491344e+03 9.516856e+03
8.5 9.592401e+03 9.560388e+03 9.487211e+03 9.519224e+03
9.5 9.480950e+03 9.511175e+03 9.485610e+03 9.455385e+03
10.5 9.418778e+03 9.473919e+03 9.485080e+03 9.429939e+03
0.5 9.440196e+03 9.474351e+03 9.487712e+03 9.453557e+03
1.5 9.474746e+03 9.509769e+03 9.546532e+03 9.511508e+03
2.5 9.563081e+03 9.561221e+03 9.609189e+03 9.611050e+03
3.5 9.596465e+03 9.544443e+03 9.597255e+03 9.649277e+03
4.5 9.432822e+03 9.501729e+03 9.556411e+03 9.487504e+03
5.5 9.440035e+03 9.470002e+03 9.522622e+03 9.492656e+03
6.5 9.470659e+03 9.518183e+03 9.502865e+03 9.455342e+03
7.5 9.612875e+03 9.581402e+03 9.493199e+03 9.524672e+03
8.5 9.574237e+03 9.563481e+03 9.488974e+03 9.499730e+03
9.5 9.392358e+03 9.514551e+03 9.487269e+03 9.365077e+03
10.5 9.452256e+03 9.474910e+03 9.486613e+03 9.463959e+03
0.5 9.493854e+03 9.450543e+03 9.478031e+03 9.521342e+03
1.5 9.505816e+03 9.509930e+03 9.535812e+03 9.531698e+03
2.5 9.631715e+03 9.573166e+03 9.597408e+03 9.655956e+03
3.5 9.725697e+03 9.561825e+03 9.584394e+03 9.748266e+03
4.5 9.413479e+03 9.521572e+03 9.542452e+03 9.434359e+03
5.5 9.371795e+03 9.488365e+03 9.507548e+03 9.390978e+03
6.5 9.468678e+03 9.471490e+03 9.488952e+03 9.486140e+03
7.5 9.659062e+03 9.521112e+03 9.536817e+03 9.674767e+03
8.5 9.594510e+03 9.580043e+03 9.593960e+03 9.608427e+03
9.5 9.612765e+03 9.566935e+03 9.579035e+03 9.624864e+03
10.5 9.663902e+03 9.525996e+03 9.536257e+03 9.674164e+03
0.5 9.468678e+03 9.471490e+03 9.488952e+03 9.486140e+03
1.5 9.659062e+03 9.521112e+03 9.536817e+03 9.674767e+03
2.5 9.594510e+03 9.580043e+03 9.593960e+03 9.608427e+03
3.5 9.612765e+03 9.566935e+03 9.579035e+03 9.624864e+03
4.5 9.663902e+03 9.525996e+03 9.536257e+03 9.674164e+03
5.5 9.563213e+03 9.492389e+03 9.500826e+03 9.571650e+03
6.5 9.398564e+03 9.473156e+03 9.479796e+03 9.405204e+03
7.5 9.446401e+03 9.466315e+03 9.471145e+03 9.451232e+03
8.5 9.465669e+03 9.521338e+03 9.524325e+03 9.468656e+03
9.5 9.550518e+03 9.582763e+03 9.583875e+03 9.551630e+03
10.5 9.575833e+03 9.570688e+03 9.569905e+03 9.575049e+03
0.5 9.446401e+03 9.466315e+03 9.471145e+03 9.451232e+03
1.5 9.465669e+03 9.521338e+03 9.524325e+03 9.468656e+03
2.5 9.550518e+03 9.582763e+03 9.583875e+03 9.551630e+03
3.5 9.575833e+03 9.570688e+03 9.569905e+03 9.575049e+03
4.5 9.328289e+03 9.530023e+03 9.527331e+03 9.325597e+03
5.5 9.493566e+03 9.496748e+03 9.492141e+03 9.488960e+03
6.5 9.512972e+03 9.477447e+03 9.470925e+03 9.506450e+03
7.5 9.455810e+03 9.468254e+03 9.459817e+03 9.447373e+03
