0.5 8.091562e+03 8.078187e+03 8.097306e+03 8.110681e+03
1.5 8.231673e+03 8.203754e+03 8.226418e+03 8.254337e+03
2.5 8.479636e+03 8.337478e+03 8.363568e+03 8.505726e+03
3.5 8.563344e+03 8.312268e+03 8.341558e+03 8.592633e+03
4.5 8.478389e+03 8.225557e+03 8.257831e+03 8.510663e+03
5.5 8.220408e+03 8.158798e+03 8.193984e+03 8.255594e+03
6.5 7.967780e+03 8.242186e+03 8.280251e+03 8.005845e+03
7.5 8.126584e+03 8.355301e+03 8.396188e+03 8.167472e+03
8.5 8.288957e+03 8.321084e+03 8.364642e+03 8.332516e+03
9.5 8.067499e+03 8.230728e+03 8.276802e+03 8.113573e+03
10.5 8.064521e+03 8.162602e+03 8.211117e+03 8.113036e+03
0.5 8.220408e+03 8.158798e+03 8.193984e+03 8.255594e+03
1.5 7.967780e+03 8.242186e+03 8.280251e+03 8.005845e+03
2.5 8.126584e+03 8.355301e+03 8.396188e+03 8.167472e+03
3.5 8.288957e+03 8.321084e+03 8.364642e+03 8.332516e+03
4.5 8.067499e+03 8.230728e+03 8.276802e+03 8.113573e+03
5.5 8.064521e+03 8.162602e+03 8.211117e+03 8.113036e+03
6.5 8.142367e+03 8.245282e+03 8.296183e+03 8.193268e+03
7.5 8.310222e+03 8.358501e+03 8.411722e+03 8.363442e+03
8.5 8.361694e+03 8.324364e+03 8.379821e+03 8.417151e+03
9.5 8.219796e+03 8.234062e+03 8.291663e+03 8.277397e+03
10.5 8.026011e+03 8.161096e+03 8.220745e+03 8.085660e+03
0.5 8.064521e+03 8.162602e+03 8.211117e+03 8.113036e+03
1.5 8.142367e+03 8.245282e+03 8.296183e+03 8.193268e+03
2.5 8.310222e+03 8.358501e+03 8.411722e+03 8.363442e+03
3.5 8.361694e+03 8.324364e+03 8.379821e+03 8.417151e+03
4.5 8.219796e+03 8.234062e+03 8.291663e+03 8.277397e+03
5.5 8.026011e+03 8.161096e+03 8.220745e+03 8.085660e+03
6.5 8.197348e+03 8.123037e+03 8.180295e+03 8.254606e+03
7.5 8.219991e+03 8.214089e+03 8.162084e+03 8.167987e+03
8.5 8.331974e+03 8.324080e+03 8.155410e+03 8.163304e+03
9.5 8.328149e+03 8.298277e+03 8.154053e+03 8.183925e+03
10.5 8.318557e+03 8.220022e+03 8.154880e+03 8.253415e+03
0.5 8.280496e+03 8.164844e+03 8.170839e+03 8.286492e+03
1.5 8.239203e+03 8.252386e+03 8.297674e+03 8.284492e+03
2.5 8.455606e+03 8.367965e+03 8.432636e+03 8.520278e+03
3.5 8.472107e+03 8.334827e+03 8.408484e+03 8.545765e+03
4.5 8.273387e+03 8.244856e+03 8.322636e+03 8.351167e+03
5.5 8.187813e+03 8.171957e+03 8.251788e+03 8.267644e+03
6.5 7.994133e+03 8.133898e+03 8.210813e+03 8.071048e+03
7.5 8.083965e+03 8.224856e+03 8.191313e+03 8.050422e+03
8.5 8.323154e+03 8.334721e+03 8.183379e+03 8.171812e+03
9.5 8.265965e+03 8.308758e+03 8.180784e+03 8.137990e+03
10.5 8.217784e+03 8.230336e+03 8.180396e+03 8.167844e+03
0.5 8.257037e+03 8.136314e+03 8.190870e+03 8.311593e+03
1.5 8.135934e+03 8.243391e+03 8.316588e+03 8.209131e+03
2.5 8.475642e+03 8.368982e+03 8.450471e+03 8.557130e+03
3.5 8.386464e+03 8.340316e+03 8.425279e+03 8.471427e+03
4.5 8.252658e+03 8.252027e+03 8.338433e+03 8.339064e+03
5.5 8.150948e+03 8.179359e+03 8.266626e+03 8.238215e+03
6.5 8.120900e+03 8.137311e+03 8.224718e+03 8.208307e+03
7.5 8.213929e+03 8.121110e+03 8.204306e+03 8.297124e+03
8.5 8.195472e+03 8.223299e+03 8.195502e+03 8.167675e+03
9.5 8.372996e+03 8.338170e+03 8.192091e+03 8.226917e+03
10.5 8.507135e+03 8.314087e+03 8.190941e+03 8.383989e+03
0.5 8.123932e+03 8.121393e+03 8.197334e+03 8.199874e+03
1.5 8.214959e+03 8.238465e+03 8.322657e+03 8.299151e+03
2.5 8.258743e+03 8.368554e+03 8.456200e+03 8.346390e+03
3.5 8.469040e+03 8.341631e+03 8.430717e+03 8.558126e+03
4.5 8.553706e+03 8.253664e+03 8.343623e+03 8.643666e+03
5.5 8.211651e+03 8.181489e+03 8.271611e+03 8.301774e+03
6.5 8.145491e+03 8.139246e+03 8.229547e+03 8.235792e+03
7.5 8.059462e+03 8.123448e+03 8.213928e+03 8.149942e+03
8.5 8.154200e+03 8.239541e+03 8.330198e+03 8.244857e+03
9.5 8.430175e+03 8.369257e+03 8.460087e+03 8.521005e+03
10.5 8.374644e+03 8.342220e+03 8.433218e+03 8.465642e+03
0.5 8.059462e+03 8.123448e+03 8.213928e+03 8.149942e+03
1.5 8.154200e+03 8.239541e+03 8.330198e+03 8.244857e+03
2.5 8.430175e+03 8.369257e+03 8.460087e+03 8.521005e+03
3.5 8.374644e+03 8.342220e+03 8.433218e+03 8.465642e+03
4.5 8.230721e+03 8.254195e+03 8.345366e+03 8.321892e+03
5.5 8.108991e+03 8.186425e+03 8.273415e+03 8.195981e+03
6.5 8.262920e+03 8.255414e+03 8.231436e+03 8.238942e+03
7.5 8.335825e+03 8.353247e+03 8.211001e+03 8.193579e+03
8.5 8.354191e+03 8.321501e+03 8.202188e+03 8.234878e+03
9.5 8.119391e+03 8.240456e+03 8.198772e+03 8.077707e+03
10.5 8.074847e+03 8.179446e+03 8.197644e+03 8.093045e+03
0.5 8.222826e+03 8.181471e+03 8.203256e+03 8.244611e+03
1.5 8.126286e+03 8.268750e+03 8.328690e+03 8.186226e+03
2.5 8.380904e+03 8.384096e+03 8.462307e+03 8.459116e+03
3.5 8.322823e+03 8.350748e+03 8.436857e+03 8.408932e+03
4.5 8.150954e+03 8.260599e+03 8.349757e+03 8.240112e+03
5.5 7.976553e+03 8.191906e+03 8.277703e+03 8.062350e+03
6.5 8.100405e+03 8.260545e+03 8.235570e+03 8.075430e+03
7.5 8.423688e+03 8.358769e+03 8.214956e+03 8.279876e+03
8.5 8.359642e+03 8.327429e+03 8.205947e+03 8.238159e+03
9.5 8.099973e+03 8.246794e+03 8.202312e+03 8.055490e+03
10.5 7.850092e+03 8.181832e+03 8.200913e+03 7.869173e+03
0.5 8.297733e+03 8.137792e+03 8.182610e+03 8.342552e+03
1.5 8.306354e+03 8.263629e+03 8.305829e+03 8.348554e+03
2.5 8.449465e+03 8.397658e+03 8.437183e+03 8.488990e+03
3.5 8.534568e+03 8.372633e+03 8.409430e+03 8.571366e+03
4.5 8.110188e+03 8.285946e+03 8.319991e+03 8.144233e+03
5.5 8.248449e+03 8.214279e+03 8.245557e+03 8.279727e+03
6.5 8.353152e+03 8.177428e+03 8.205899e+03 8.381623e+03
7.5 8.445877e+03 8.282366e+03 8.307974e+03 8.471485e+03
8.5 8.634343e+03 8.407140e+03 8.429831e+03 8.657034e+03
9.5 8.608241e+03 8.378275e+03 8.398003e+03 8.627970e+03
10.5 8.572146e+03 8.290048e+03 8.306779e+03 8.588876e+03
0.5 8.353152e+03 8.177428e+03 8.205899e+03 8.381623e+03
1.5 8.445877e+03 8.282366e+03 8.307974e+03 8.471485e+03
2.5 8.634343e+03 8.407140e+03 8.429831e+03 8.657034e+03
3.5 8.608241e+03 8.378275e+03 8.398003e+03 8.627970e+03
4.5 8.572146e+03 8.290048e+03 8.306779e+03 8.588876e+03
5.5 8.387583e+03 8.217466e+03 8.231222e+03 8.401339e+03
6.5 8.152704e+03 8.175548e+03 8.186374e+03 8.163530e+03
7.5 8.311701e+03 8.160052e+03 8.167927e+03 8.319577e+03
8.5 8.159313e+03 8.276463e+03 8.281333e+03 8.164183e+03
9.5 8.155631e+03 8.406512e+03 8.408325e+03 8.157445e+03
10.5 8.053902e+03 8.379810e+03 8.378533e+03 8.052624e+03
0.5 8.311701e+03 8.160052e+03 8.167927e+03 8.319577e+03
1.5 8.159313e+03 8.276463e+03 8.281333e+03 8.164183e+03
2.5 8.155631e+03 8.406512e+03 8.408325e+03 8.157445e+03
3.5 8.053902e+03 8.379810e+03 8.378533e+03 8.052624e+03
4.5 7.833894e+03 8.292132e+03 8.287743e+03 7.829505e+03
5.5 8.124050e+03 8.220212e+03 8.212701e+03 8.116540e+03
6.5 8.179953e+03 8.178092e+03 8.167457e+03 8.169318e+03
7.5 8.001109e+03 8.157526e+03 8.143770e+03 7.987353e+03
