0.5 8.197348e+03 8.123037e+03 8.187099e+03 8.261409e+03
1.5 8.219991e+03 8.214089e+03 8.296361e+03 8.302264e+03
2.5 8.331974e+03 8.324080e+03 8.413026e+03 8.420920e+03
3.5 8.328149e+03 8.298277e+03 8.388581e+03 8.418453e+03
4.5 8.318557e+03 8.220022e+03 8.309498e+03 8.408033e+03
5.5 8.234479e+03 8.160120e+03 8.248213e+03 8.322572e+03
6.5 8.187588e+03 8.234376e+03 8.320368e+03 8.273580e+03
7.5 8.278906e+03 8.335044e+03 8.419019e+03 8.362881e+03
8.5 8.417096e+03 8.304829e+03 8.386867e+03 8.499134e+03
9.5 8.343054e+03 8.224696e+03 8.304880e+03 8.423237e+03
10.5 8.280496e+03 8.164844e+03 8.238361e+03 8.354013e+03
0.5 8.234479e+03 8.160120e+03 8.248213e+03 8.322572e+03
1.5 8.187588e+03 8.234376e+03 8.320368e+03 8.273580e+03
2.5 8.278906e+03 8.335044e+03 8.419019e+03 8.362881e+03
3.5 8.417096e+03 8.304829e+03 8.386867e+03 8.499134e+03
4.5 8.343054e+03 8.224696e+03 8.304880e+03 8.423237e+03
5.5 8.280496e+03 8.164844e+03 8.238361e+03 8.354013e+03
6.5 8.239203e+03 8.252386e+03 8.199068e+03 8.185885e+03
7.5 8.455606e+03 8.367965e+03 8.179685e+03 8.267327e+03
8.5 8.472107e+03 8.334827e+03 8.170699e+03 8.307980e+03
9.5 8.273387e+03 8.244856e+03 8.166576e+03 8.195107e+03
10.5 8.187813e+03 8.171957e+03 8.164526e+03 8.180382e+03
0.5 7.994133e+03 8.133898e+03 8.167442e+03 8.027676e+03
1.5 8.083965e+03 8.224856e+03 8.277900e+03 8.137009e+03
2.5 8.323154e+03 8.334721e+03 8.395698e+03 8.384132e+03
3.5 8.265965e+03 8.308758e+03 8.372331e+03 8.329537e+03
4.5 8.217784e+03 8.230336e+03 8.294296e+03 8.281744e+03
5.5 7.855785e+03 8.165911e+03 8.229681e+03 7.919555e+03
6.5 8.051074e+03 8.133188e+03 8.196027e+03 8.113913e+03
7.5 8.152106e+03 8.226350e+03 8.288316e+03 8.214071e+03
8.5 8.279128e+03 8.337112e+03 8.398259e+03 8.340275e+03
9.5 8.331484e+03 8.311440e+03 8.371822e+03 8.391866e+03
10.5 8.307368e+03 8.233052e+03 8.292718e+03 8.367035e+03
0.5 8.051074e+03 8.133188e+03 8.196027e+03 8.113913e+03
1.5 8.152106e+03 8.226350e+03 8.288316e+03 8.214071e+03
2.5 8.279128e+03 8.337112e+03 8.398259e+03 8.340275e+03
3.5 8.331484e+03 8.311440e+03 8.371822e+03 8.391866e+03
4.5 8.307368e+03 8.233052e+03 8.292718e+03 8.367035e+03
5.5 8.187512e+03 8.168596e+03 8.227596e+03 8.246512e+03
6.5 8.257037e+03 8.136314e+03 8.189801e+03 8.310524e+03
7.5 8.135934e+03 8.243391e+03 8.171159e+03 8.063703e+03
8.5 8.475642e+03 8.368982e+03 8.162868e+03 8.269527e+03
9.5 8.386464e+03 8.340316e+03 8.159393e+03 8.205541e+03
10.5 8.252658e+03 8.252027e+03 8.157951e+03 8.158582e+03
0.5 8.213929e+03 8.121110e+03 8.161161e+03 8.253979e+03
1.5 8.195472e+03 8.223299e+03 8.272153e+03 8.244326e+03
2.5 8.372996e+03 8.338170e+03 8.390436e+03 8.425262e+03
3.5 8.507135e+03 8.314087e+03 8.367502e+03 8.560550e+03
4.5 8.459044e+03 8.235917e+03 8.289854e+03 8.512982e+03
5.5 8.294814e+03 8.171899e+03 8.225590e+03 8.348505e+03
6.5 8.261700e+03 8.134437e+03 8.187915e+03 8.315178e+03
7.5 8.138096e+03 8.120436e+03 8.173711e+03 8.191371e+03
8.5 8.246727e+03 8.223538e+03 8.276609e+03 8.299798e+03
9.5 8.341329e+03 8.338726e+03 8.391589e+03 8.394192e+03
10.5 8.393877e+03 8.314710e+03 8.367363e+03 8.446530e+03
0.5 8.138096e+03 8.120436e+03 8.173711e+03 8.191371e+03
1.5 8.246727e+03 8.223538e+03 8.276609e+03 8.299798e+03
2.5 8.341329e+03 8.338726e+03 8.391589e+03 8.394192e+03
3.5 8.393877e+03 8.314710e+03 8.367363e+03 8.446530e+03
4.5 8.338528e+03 8.236542e+03 8.288984e+03 8.390971e+03
5.5 8.112026e+03 8.172443e+03 8.224695e+03 8.164277e+03
6.5 7.987422e+03 8.134908e+03 8.186992e+03 8.039506e+03
7.5 8.123932e+03 8.121393e+03 8.168415e+03 8.170955e+03
8.5 8.214959e+03 8.238465e+03 8.160164e+03 8.136658e+03
9.5 8.258743e+03 8.368554e+03 8.156710e+03 8.046900e+03
10.5 8.469040e+03 8.341631e+03 8.155270e+03 8.282680e+03
0.5 8.108991e+03 8.186425e+03 8.157367e+03 8.079933e+03
1.5 8.262920e+03 8.255414e+03 8.268335e+03 8.275840e+03
2.5 8.335825e+03 8.353247e+03 8.386603e+03 8.369181e+03
3.5 8.354191e+03 8.321501e+03 8.363670e+03 8.396360e+03
4.5 8.119391e+03 8.240456e+03 8.286040e+03 8.164975e+03
5.5 8.074847e+03 8.179446e+03 8.226159e+03 8.121560e+03
6.5 8.251354e+03 8.252483e+03 8.299667e+03 8.298539e+03
7.5 8.346929e+03 8.352754e+03 8.399620e+03 8.393794e+03
8.5 8.363756e+03 8.322148e+03 8.368714e+03 8.410321e+03
9.5 8.036816e+03 8.241643e+03 8.287925e+03 8.083097e+03
10.5 8.222826e+03 8.181471e+03 8.222572e+03 8.263927e+03
0.5 8.074847e+03 8.179446e+03 8.226159e+03 8.121560e+03
1.5 8.251354e+03 8.252483e+03 8.299667e+03 8.298539e+03
2.5 8.346929e+03 8.352754e+03 8.399620e+03 8.393794e+03
3.5 8.363756e+03 8.322148e+03 8.368714e+03 8.410321e+03
4.5 8.036816e+03 8.241643e+03 8.287925e+03 8.083097e+03
5.5 8.222826e+03 8.181471e+03 8.222572e+03 8.263927e+03
6.5 8.126286e+03 8.268750e+03 8.184416e+03 8.041953e+03
7.5 8.380904e+03 8.384096e+03 8.166145e+03 8.162953e+03
8.5 8.322823e+03 8.350748e+03 8.158248e+03 8.130323e+03
9.5 8.150954e+03 8.260599e+03 8.155198e+03 8.045553e+03
10.5 7.976553e+03 8.191906e+03 8.158560e+03 7.943207e+03
0.5 7.976553e+03 8.191906e+03 8.158560e+03 7.943207e+03
1.5 8.100405e+03 8.260545e+03 8.269331e+03 8.109192e+03
2.5 8.423688e+03 8.358769e+03 8.388169e+03 8.453089e+03
3.5 8.359642e+03 8.327429e+03 8.365839e+03 8.398051e+03
4.5 8.099973e+03 8.246794e+03 8.288839e+03 8.142018e+03
5.5 7.850092e+03 8.181832e+03 8.225275e+03 7.893536e+03
6.5 8.217760e+03 8.148479e+03 8.192720e+03 8.262001e+03
7.5 8.312847e+03 8.241868e+03 8.286148e+03 8.357126e+03
8.5 8.234250e+03 8.352890e+03 8.397252e+03 8.278612e+03
9.5 8.420556e+03 8.327503e+03 8.371997e+03 8.465050e+03
10.5 8.181428e+03 8.249431e+03 8.294107e+03 8.226105e+03
0.5 8.217760e+03 8.148479e+03 8.192720e+03 8.262001e+03
1.5 8.312847e+03 8.241868e+03 8.286148e+03 8.357126e+03
2.5 8.234250e+03 8.352890e+03 8.397252e+03 8.278612e+03
3.5 8.420556e+03 8.327503e+03 8.371997e+03 8.465050e+03
4.5 8.181428e+03 8.249431e+03 8.294107e+03 8.226105e+03
5.5 8.276616e+03 8.185338e+03 8.230239e+03 8.321517e+03
6.5 7.978235e+03 8.152920e+03 8.198092e+03 8.023407e+03
7.5 7.962185e+03 8.246415e+03 8.291927e+03 8.007697e+03
8.5 8.238376e+03 8.357529e+03 8.403457e+03 8.284304e+03
9.5 8.356696e+03 8.332228e+03 8.378648e+03 8.403116e+03
10.5 8.203485e+03 8.254237e+03 8.301220e+03 8.250469e+03
0.5 7.978235e+03 8.152920e+03 8.198092e+03 8.023407e+03
1.5 7.962185e+03 8.246415e+03 8.291927e+03 8.007697e+03
2.5 8.238376e+03 8.357529e+03 8.403457e+03 8.284304e+03
3.5 8.356696e+03 8.332228e+03 8.378648e+03 8.403116e+03
4.5 8.203485e+03 8.254237e+03 8.301220e+03 8.250469e+03
5.5 8.256395e+03 8.190213e+03 8.237832e+03 8.304014e+03
6.5 8.269629e+03 8.153504e+03 8.201833e+03 8.317957e+03
7.5 8.288921e+03 8.140269e+03 8.189381e+03 8.338032e+03
8.5 8.287184e+03 8.244134e+03 8.294105e+03 8.337155e+03
9.5 8.382559e+03 8.360081e+03 8.410990e+03 8.433467e+03
10.5 8.325762e+03 8.336825e+03 8.388749e+03 8.377686e+03
0.5 8.288921e+03 8.140269e+03 8.189381e+03 8.338032e+03
1.5 8.287184e+03 8.244134e+03 8.294105e+03 8.337155e+03
2.5 8.382559e+03 8.360081e+03 8.410990e+03 8.433467e+03
3.5 8.325762e+03 8.336825e+03 8.388749e+03 8.377686e+03
4.5 8.176892e+03 8.259420e+03 8.312441e+03 8.229913e+03
5.5 8.099724e+03 8.196105e+03 8.250303e+03 8.153922e+03
6.5 8.002801e+03 8.159369e+03 8.214826e+03 8.058259e+03
7.5 7.898662e+03 8.141752e+03 8.198551e+03 7.955461e+03
8.5 8.129404e+03 8.134455e+03 8.192677e+03 8.187626e+03
9.5 8.422215e+03 8.131947e+03 8.191675e+03 8.481943e+03
10.5 8.431906e+03 8.131437e+03 8.192761e+03 8.493230e+03
