0.5 8.717274e+03 8.630192e+03 8.638422e+03 8.725504e+03
1.5 8.738305e+03 8.671306e+03 8.681062e+03 8.748060e+03
2.5 8.801368e+03 8.715125e+03 8.726356e+03 8.812599e+03
3.5 8.782251e+03 8.706479e+03 8.719087e+03 8.794859e+03
4.5 8.711401e+03 8.677543e+03 8.691436e+03 8.725293e+03
5.5 8.604060e+03 8.655204e+03 8.670350e+03 8.619206e+03
6.5 8.598026e+03 8.682454e+03 8.698840e+03 8.614411e+03
7.5 8.655490e+03 8.719528e+03 8.737128e+03 8.673090e+03
8.5 8.685543e+03 8.707960e+03 8.726710e+03 8.704293e+03
9.5 8.605806e+03 8.677868e+03 8.697701e+03 8.625639e+03
10.5 8.573547e+03 8.655125e+03 8.676008e+03 8.594430e+03
0.5 8.604060e+03 8.655204e+03 8.670350e+03 8.619206e+03
1.5 8.598026e+03 8.682454e+03 8.698840e+03 8.614411e+03
2.5 8.655490e+03 8.719528e+03 8.737128e+03 8.673090e+03
3.5 8.685543e+03 8.707960e+03 8.726710e+03 8.704293e+03
4.5 8.605806e+03 8.677868e+03 8.697701e+03 8.625639e+03
5.5 8.573547e+03 8.655125e+03 8.676008e+03 8.594430e+03
6.5 8.644865e+03 8.682191e+03 8.704102e+03 8.666775e+03
7.5 8.698966e+03 8.719349e+03 8.742258e+03 8.721875e+03
8.5 8.698236e+03 8.707851e+03 8.731723e+03 8.722107e+03
9.5 8.662073e+03 8.677814e+03 8.702609e+03 8.686867e+03
10.5 8.647081e+03 8.653512e+03 8.679188e+03 8.672758e+03
0.5 8.573547e+03 8.655125e+03 8.676008e+03 8.594430e+03
1.5 8.644865e+03 8.682191e+03 8.704102e+03 8.666775e+03
2.5 8.698966e+03 8.719349e+03 8.742258e+03 8.721875e+03
3.5 8.698236e+03 8.707851e+03 8.731723e+03 8.722107e+03
4.5 8.662073e+03 8.677814e+03 8.702609e+03 8.686867e+03
5.5 8.647081e+03 8.653512e+03 8.679188e+03 8.672758e+03
6.5 8.661178e+03 8.641183e+03 8.665830e+03 8.685824e+03
7.5 8.703492e+03 8.682201e+03 8.659815e+03 8.681107e+03
8.5 8.751416e+03 8.730216e+03 8.657611e+03 8.678811e+03
9.5 8.754417e+03 8.719245e+03 8.657163e+03 8.692336e+03
10.5 8.725114e+03 8.685477e+03 8.657436e+03 8.697073e+03
0.5 8.658195e+03 8.660126e+03 8.662707e+03 8.660776e+03
1.5 8.697662e+03 8.685099e+03 8.704594e+03 8.717157e+03
2.5 8.771110e+03 8.721327e+03 8.749165e+03 8.798948e+03
3.5 8.758794e+03 8.709483e+03 8.741189e+03 8.790500e+03
4.5 8.658964e+03 8.679357e+03 8.712838e+03 8.692445e+03
5.5 8.615402e+03 8.655076e+03 8.689440e+03 8.649765e+03
6.5 8.599147e+03 8.642800e+03 8.675908e+03 8.632255e+03
7.5 8.653877e+03 8.683907e+03 8.669468e+03 8.639438e+03
8.5 8.741677e+03 8.731994e+03 8.666848e+03 8.676531e+03
9.5 8.725073e+03 8.721078e+03 8.665991e+03 8.669986e+03
10.5 8.670179e+03 8.687360e+03 8.665863e+03 8.648682e+03
0.5 8.648726e+03 8.645838e+03 8.669322e+03 8.672209e+03
1.5 8.693728e+03 8.679332e+03 8.710840e+03 8.725236e+03
2.5 8.757408e+03 8.719978e+03 8.755055e+03 8.792486e+03
3.5 8.747364e+03 8.710163e+03 8.746735e+03 8.783937e+03
4.5 8.682872e+03 8.680861e+03 8.718054e+03 8.720066e+03
5.5 8.667836e+03 8.656776e+03 8.694340e+03 8.705400e+03
6.5 8.670107e+03 8.642875e+03 8.680500e+03 8.707732e+03
7.5 8.650996e+03 8.637947e+03 8.673759e+03 8.686808e+03
8.5 8.688749e+03 8.682817e+03 8.670852e+03 8.676784e+03
9.5 8.750740e+03 8.732605e+03 8.669725e+03 8.687859e+03
10.5 8.789498e+03 8.722354e+03 8.669345e+03 8.736490e+03
0.5 8.624313e+03 8.638767e+03 8.671457e+03 8.657002e+03
1.5 8.660807e+03 8.676604e+03 8.712845e+03 8.697048e+03
2.5 8.719547e+03 8.719219e+03 8.756947e+03 8.757275e+03
3.5 8.748582e+03 8.710184e+03 8.748531e+03 8.786930e+03
4.5 8.739663e+03 8.681045e+03 8.719769e+03 8.778387e+03
5.5 8.690719e+03 8.657193e+03 8.695987e+03 8.729513e+03
6.5 8.619131e+03 8.643224e+03 8.682095e+03 8.658002e+03
7.5 8.593559e+03 8.637989e+03 8.676937e+03 8.632507e+03
8.5 8.655931e+03 8.676311e+03 8.715335e+03 8.694955e+03
9.5 8.753167e+03 8.719133e+03 8.758231e+03 8.792265e+03
10.5 8.695659e+03 8.710187e+03 8.749357e+03 8.734830e+03
0.5 8.593559e+03 8.637989e+03 8.676937e+03 8.632507e+03
1.5 8.655931e+03 8.676311e+03 8.715335e+03 8.694955e+03
2.5 8.753167e+03 8.719133e+03 8.758231e+03 8.792265e+03
3.5 8.695659e+03 8.710187e+03 8.749357e+03 8.734830e+03
4.5 8.629110e+03 8.681099e+03 8.720344e+03 8.668355e+03
5.5 8.644532e+03 8.659137e+03 8.696582e+03 8.681977e+03
6.5 8.729522e+03 8.693040e+03 8.682719e+03 8.719200e+03
7.5 8.778794e+03 8.737201e+03 8.675970e+03 8.717564e+03
8.5 8.733892e+03 8.724418e+03 8.673059e+03 8.682533e+03
9.5 8.644975e+03 8.689874e+03 8.671932e+03 8.627032e+03
10.5 8.631232e+03 8.663726e+03 8.671559e+03 8.639065e+03
0.5 8.693880e+03 8.664035e+03 8.673412e+03 8.703257e+03
1.5 8.723204e+03 8.689035e+03 8.714837e+03 8.749006e+03
2.5 8.754656e+03 8.725298e+03 8.758964e+03 8.788323e+03
3.5 8.720270e+03 8.713493e+03 8.750559e+03 8.757336e+03
4.5 8.609222e+03 8.683416e+03 8.721794e+03 8.647601e+03
5.5 8.645132e+03 8.661067e+03 8.697998e+03 8.682064e+03
6.5 8.713928e+03 8.694835e+03 8.684084e+03 8.703177e+03
7.5 8.782178e+03 8.739181e+03 8.677276e+03 8.720273e+03
8.5 8.698296e+03 8.726594e+03 8.674301e+03 8.646003e+03
9.5 8.636122e+03 8.692248e+03 8.673100e+03 8.616974e+03
10.5 8.593809e+03 8.664425e+03 8.672638e+03 8.602022e+03
0.5 8.682945e+03 8.647302e+03 8.666594e+03 8.702237e+03
1.5 8.687970e+03 8.689122e+03 8.707287e+03 8.706135e+03
2.5 8.743002e+03 8.733653e+03 8.750667e+03 8.760015e+03
3.5 8.774411e+03 8.725662e+03 8.741501e+03 8.790251e+03
4.5 8.694330e+03 8.697309e+03 8.711964e+03 8.708985e+03
5.5 8.746008e+03 8.673918e+03 8.687382e+03 8.759471e+03
6.5 8.794252e+03 8.662030e+03 8.674285e+03 8.806508e+03
7.5 8.799056e+03 8.696972e+03 8.707995e+03 8.810079e+03
8.5 8.785021e+03 8.738471e+03 8.748239e+03 8.794789e+03
9.5 8.753550e+03 8.729235e+03 8.737728e+03 8.762043e+03
10.5 8.727595e+03 8.700399e+03 8.707601e+03 8.734797e+03
0.5 8.794252e+03 8.662030e+03 8.674285e+03 8.806508e+03
1.5 8.799056e+03 8.696972e+03 8.707995e+03 8.810079e+03
2.5 8.785021e+03 8.738471e+03 8.748239e+03 8.794789e+03
3.5 8.753550e+03 8.729235e+03 8.737728e+03 8.762043e+03
4.5 8.727595e+03 8.700399e+03 8.707601e+03 8.734797e+03
5.5 8.694008e+03 8.676727e+03 8.682648e+03 8.699929e+03
6.5 8.651976e+03 8.663177e+03 8.667837e+03 8.656636e+03
7.5 8.653821e+03 8.658355e+03 8.661745e+03 8.657211e+03
8.5 8.625239e+03 8.697101e+03 8.699197e+03 8.627335e+03
9.5 8.634765e+03 8.740356e+03 8.741136e+03 8.635546e+03
10.5 8.603014e+03 8.731847e+03 8.731297e+03 8.602464e+03
0.5 8.653821e+03 8.658355e+03 8.661745e+03 8.657211e+03
1.5 8.625239e+03 8.697101e+03 8.699197e+03 8.627335e+03
2.5 8.634765e+03 8.740356e+03 8.741136e+03 8.635546e+03
3.5 8.603014e+03 8.731847e+03 8.731297e+03 8.602464e+03
4.5 8.549251e+03 8.703203e+03 8.701314e+03 8.547362e+03
5.5 8.661615e+03 8.679765e+03 8.676532e+03 8.658383e+03
6.5 8.682753e+03 8.666167e+03 8.661590e+03 8.678176e+03
7.5 8.650794e+03 8.659688e+03 8.653767e+03 8.644873e+03
