0.5 8.789499e+03 8.698999e+03 8.704732e+03 8.795232e+03
1.5 8.821565e+03 8.748221e+03 8.755016e+03 8.828360e+03
2.5 8.887309e+03 8.800608e+03 8.808431e+03 8.895132e+03
3.5 8.871006e+03 8.791077e+03 8.799859e+03 8.879788e+03
4.5 8.817794e+03 8.757573e+03 8.767250e+03 8.827471e+03
5.5 8.703936e+03 8.731834e+03 8.742384e+03 8.714486e+03
6.5 8.694264e+03 8.764569e+03 8.775982e+03 8.705678e+03
7.5 8.755202e+03 8.808876e+03 8.821135e+03 8.767462e+03
8.5 8.775814e+03 8.795789e+03 8.808849e+03 8.788874e+03
9.5 8.719111e+03 8.760824e+03 8.774639e+03 8.732925e+03
10.5 8.683857e+03 8.734510e+03 8.749057e+03 8.698403e+03
0.5 8.703936e+03 8.731834e+03 8.742384e+03 8.714486e+03
1.5 8.694264e+03 8.764569e+03 8.775982e+03 8.705678e+03
2.5 8.755202e+03 8.808876e+03 8.821135e+03 8.767462e+03
3.5 8.775814e+03 8.795789e+03 8.808849e+03 8.788874e+03
4.5 8.719111e+03 8.760824e+03 8.774639e+03 8.732925e+03
5.5 8.683857e+03 8.734510e+03 8.749057e+03 8.698403e+03
6.5 8.746936e+03 8.766925e+03 8.782187e+03 8.762198e+03
7.5 8.781393e+03 8.811228e+03 8.827185e+03 8.797350e+03
8.5 8.771286e+03 8.798133e+03 8.814761e+03 8.787913e+03
9.5 8.723406e+03 8.763156e+03 8.780426e+03 8.740676e+03
10.5 8.695883e+03 8.734922e+03 8.752806e+03 8.713768e+03
0.5 8.683857e+03 8.734510e+03 8.749057e+03 8.698403e+03
1.5 8.746936e+03 8.766925e+03 8.782187e+03 8.762198e+03
2.5 8.781393e+03 8.811228e+03 8.827185e+03 8.797350e+03
3.5 8.771286e+03 8.798133e+03 8.814761e+03 8.787913e+03
4.5 8.723406e+03 8.763156e+03 8.780426e+03 8.740676e+03
5.5 8.695883e+03 8.734922e+03 8.752806e+03 8.713768e+03
6.5 8.701514e+03 8.719885e+03 8.737053e+03 8.718682e+03
7.5 8.711604e+03 8.745553e+03 8.729960e+03 8.696011e+03
8.5 8.783877e+03 8.777934e+03 8.727361e+03 8.733304e+03
9.5 8.816050e+03 8.770076e+03 8.726832e+03 8.772807e+03
10.5 8.793898e+03 8.746686e+03 8.727155e+03 8.774367e+03
0.5 8.708396e+03 8.731572e+03 8.733370e+03 8.710193e+03
1.5 8.763401e+03 8.769189e+03 8.782768e+03 8.776980e+03
2.5 8.849020e+03 8.815940e+03 8.835330e+03 8.868411e+03
3.5 8.853483e+03 8.803839e+03 8.825924e+03 8.875567e+03
4.5 8.746318e+03 8.769168e+03 8.792490e+03 8.769639e+03
5.5 8.710016e+03 8.740960e+03 8.764896e+03 8.733952e+03
6.5 8.691617e+03 8.725877e+03 8.748938e+03 8.714678e+03
7.5 8.730201e+03 8.751401e+03 8.741344e+03 8.720144e+03
8.5 8.792555e+03 8.783631e+03 8.738254e+03 8.747177e+03
9.5 8.776953e+03 8.775614e+03 8.737243e+03 8.738582e+03
10.5 8.714354e+03 8.752066e+03 8.737092e+03 8.699380e+03
0.5 8.729523e+03 8.724814e+03 8.741171e+03 8.745881e+03
1.5 8.765378e+03 8.768187e+03 8.790134e+03 8.787325e+03
2.5 8.833131e+03 8.817843e+03 8.842276e+03 8.857564e+03
3.5 8.845084e+03 8.806990e+03 8.832465e+03 8.870558e+03
4.5 8.788574e+03 8.772734e+03 8.798642e+03 8.814481e+03
5.5 8.752265e+03 8.744510e+03 8.770676e+03 8.778431e+03
6.5 8.760996e+03 8.728146e+03 8.754354e+03 8.787204e+03
7.5 8.726577e+03 8.721459e+03 8.746404e+03 8.751522e+03
8.5 8.756628e+03 8.751310e+03 8.742975e+03 8.748294e+03
9.5 8.805712e+03 8.785446e+03 8.741647e+03 8.761913e+03
10.5 8.825937e+03 8.778122e+03 8.741199e+03 8.789014e+03
0.5 8.695500e+03 8.720919e+03 8.743689e+03 8.718269e+03
1.5 8.738537e+03 8.767254e+03 8.792498e+03 8.763781e+03
2.5 8.800401e+03 8.818228e+03 8.844508e+03 8.826681e+03
3.5 8.834477e+03 8.807872e+03 8.834583e+03 8.861188e+03
4.5 8.821613e+03 8.773690e+03 8.800663e+03 8.848586e+03
5.5 8.759027e+03 8.745595e+03 8.772617e+03 8.786049e+03
6.5 8.706005e+03 8.729159e+03 8.756235e+03 8.733080e+03
7.5 8.702597e+03 8.723023e+03 8.750151e+03 8.729726e+03
8.5 8.763784e+03 8.768253e+03 8.795434e+03 8.790966e+03
9.5 8.846140e+03 8.818788e+03 8.846022e+03 8.873374e+03
10.5 8.797804e+03 8.808273e+03 8.835557e+03 8.825088e+03
0.5 8.702597e+03 8.723023e+03 8.750151e+03 8.729726e+03
1.5 8.763784e+03 8.768253e+03 8.795434e+03 8.790966e+03
2.5 8.846140e+03 8.818788e+03 8.846022e+03 8.873374e+03
3.5 8.797804e+03 8.808273e+03 8.835557e+03 8.825088e+03
4.5 8.751859e+03 8.774006e+03 8.801342e+03 8.779195e+03
5.5 8.766920e+03 8.747237e+03 8.773319e+03 8.793002e+03
6.5 8.833382e+03 8.764160e+03 8.756970e+03 8.826192e+03
7.5 8.867704e+03 8.791662e+03 8.749011e+03 8.825053e+03
8.5 8.804650e+03 8.781353e+03 8.745579e+03 8.768876e+03
9.5 8.708230e+03 8.756747e+03 8.744249e+03 8.695732e+03
10.5 8.689971e+03 8.738353e+03 8.743810e+03 8.695427e+03
0.5 8.748114e+03 8.739463e+03 8.745995e+03 8.754645e+03
1.5 8.804353e+03 8.776875e+03 8.794847e+03 8.822325e+03
2.5 8.849644e+03 8.823436e+03 8.846886e+03 8.873094e+03
3.5 8.837917e+03 8.811156e+03 8.836974e+03 8.863736e+03
4.5 8.752865e+03 8.776319e+03 8.803052e+03 8.779598e+03
5.5 8.763321e+03 8.749265e+03 8.774990e+03 8.789045e+03
6.5 8.797889e+03 8.766069e+03 8.758580e+03 8.790400e+03
7.5 8.820571e+03 8.793672e+03 8.750552e+03 8.777451e+03
8.5 8.752167e+03 8.783468e+03 8.747043e+03 8.715742e+03
9.5 8.703789e+03 8.758965e+03 8.745627e+03 8.690452e+03
10.5 8.669263e+03 8.739361e+03 8.745083e+03 8.674984e+03
0.5 8.770861e+03 8.724516e+03 8.737954e+03 8.784299e+03
1.5 8.765236e+03 8.773291e+03 8.785944e+03 8.777889e+03
2.5 8.836929e+03 8.825250e+03 8.837101e+03 8.848780e+03
3.5 8.871146e+03 8.815259e+03 8.826293e+03 8.882179e+03
4.5 8.790867e+03 8.781251e+03 8.791459e+03 8.801074e+03
5.5 8.815049e+03 8.753092e+03 8.762470e+03 8.824427e+03
6.5 8.832240e+03 8.738488e+03 8.747025e+03 8.840777e+03
7.5 8.841617e+03 8.779101e+03 8.786779e+03 8.849296e+03
8.5 8.869057e+03 8.827434e+03 8.834238e+03 8.875861e+03
9.5 8.852222e+03 8.815927e+03 8.821842e+03 8.858137e+03
10.5 8.808007e+03 8.781297e+03 8.786313e+03 8.813023e+03
0.5 8.832240e+03 8.738488e+03 8.747025e+03 8.840777e+03
1.5 8.841617e+03 8.779101e+03 8.786779e+03 8.849296e+03
2.5 8.869057e+03 8.827434e+03 8.834238e+03 8.875861e+03
3.5 8.852222e+03 8.815927e+03 8.821842e+03 8.858137e+03
4.5 8.808007e+03 8.781297e+03 8.786313e+03 8.813023e+03
5.5 8.744489e+03 8.752762e+03 8.756887e+03 8.748613e+03
6.5 8.700533e+03 8.736174e+03 8.739420e+03 8.703779e+03
7.5 8.688981e+03 8.729875e+03 8.732236e+03 8.691342e+03
8.5 8.685020e+03 8.774943e+03 8.776403e+03 8.686480e+03
9.5 8.717082e+03 8.825318e+03 8.825862e+03 8.717626e+03
10.5 8.687066e+03 8.814642e+03 8.814259e+03 8.686683e+03
0.5 8.688981e+03 8.729875e+03 8.732236e+03 8.691342e+03
1.5 8.685020e+03 8.774943e+03 8.776403e+03 8.686480e+03
2.5 8.717082e+03 8.825318e+03 8.825862e+03 8.717626e+03
3.5 8.687066e+03 8.814642e+03 8.814259e+03 8.686683e+03
4.5 8.652636e+03 8.780216e+03 8.778900e+03 8.651320e+03
5.5 8.729951e+03 8.751926e+03 8.749674e+03 8.727699e+03
6.5 8.738090e+03 8.735241e+03 8.732053e+03 8.734901e+03
7.5 8.732143e+03 8.726952e+03 8.722828e+03 8.728018e+03
