0.5 8.790517e+03 8.697286e+03 8.704681e+03 8.797912e+03
1.5 8.814748e+03 8.741887e+03 8.750653e+03 8.823514e+03
2.5 8.877996e+03 8.789395e+03 8.799487e+03 8.888088e+03
3.5 8.851038e+03 8.780321e+03 8.791650e+03 8.862367e+03
4.5 8.793913e+03 8.749354e+03 8.761838e+03 8.806396e+03
5.5 8.684312e+03 8.725495e+03 8.739104e+03 8.697922e+03
6.5 8.679398e+03 8.755097e+03 8.769820e+03 8.694122e+03
7.5 8.735454e+03 8.795286e+03 8.811101e+03 8.751269e+03
8.5 8.768648e+03 8.783021e+03 8.799869e+03 8.785496e+03
9.5 8.692772e+03 8.750772e+03 8.768593e+03 8.710593e+03
10.5 8.656250e+03 8.726440e+03 8.745205e+03 8.675015e+03
0.5 8.684312e+03 8.725495e+03 8.739104e+03 8.697922e+03
1.5 8.679398e+03 8.755097e+03 8.769820e+03 8.694122e+03
2.5 8.735454e+03 8.795286e+03 8.811101e+03 8.751269e+03
3.5 8.768648e+03 8.783021e+03 8.799869e+03 8.785496e+03
4.5 8.692772e+03 8.750772e+03 8.768593e+03 8.710593e+03
5.5 8.656250e+03 8.726440e+03 8.745205e+03 8.675015e+03
6.5 8.725649e+03 8.755805e+03 8.775493e+03 8.745338e+03
7.5 8.771304e+03 8.796047e+03 8.816632e+03 8.791890e+03
8.5 8.767602e+03 8.783823e+03 8.805274e+03 8.789052e+03
9.5 8.723079e+03 8.751604e+03 8.773884e+03 8.745358e+03
10.5 8.703853e+03 8.725561e+03 8.748633e+03 8.726924e+03
0.5 8.656250e+03 8.726440e+03 8.745205e+03 8.675015e+03
1.5 8.725649e+03 8.755805e+03 8.775493e+03 8.745338e+03
2.5 8.771304e+03 8.796047e+03 8.816632e+03 8.791890e+03
3.5 8.767602e+03 8.783823e+03 8.805274e+03 8.789052e+03
4.5 8.723079e+03 8.751604e+03 8.773884e+03 8.745358e+03
5.5 8.703853e+03 8.725561e+03 8.748633e+03 8.726924e+03
6.5 8.711736e+03 8.712083e+03 8.734230e+03 8.733883e+03
7.5 8.734712e+03 8.747861e+03 8.727746e+03 8.714597e+03
8.5 8.796183e+03 8.790610e+03 8.725370e+03 8.730943e+03
9.5 8.822034e+03 8.780671e+03 8.724886e+03 8.766249e+03
10.5 8.796209e+03 8.750377e+03 8.725181e+03 8.771013e+03
0.5 8.715851e+03 8.728544e+03 8.730863e+03 8.718170e+03
1.5 8.760119e+03 8.758507e+03 8.776024e+03 8.777636e+03
2.5 8.840212e+03 8.799065e+03 8.824079e+03 8.865226e+03
3.5 8.848870e+03 8.786989e+03 8.815479e+03 8.877360e+03
4.5 8.738235e+03 8.754828e+03 8.784912e+03 8.768320e+03
5.5 8.691190e+03 8.728808e+03 8.759686e+03 8.722068e+03
6.5 8.674310e+03 8.715346e+03 8.745096e+03 8.704060e+03
7.5 8.722191e+03 8.751128e+03 8.738153e+03 8.709217e+03
8.5 8.804141e+03 8.793866e+03 8.735328e+03 8.745603e+03
9.5 8.784130e+03 8.783904e+03 8.734404e+03 8.734630e+03
10.5 8.720482e+03 8.753583e+03 8.734266e+03 8.701166e+03
0.5 8.717596e+03 8.716894e+03 8.737995e+03 8.738698e+03
1.5 8.752728e+03 8.754447e+03 8.782759e+03 8.781040e+03
2.5 8.827118e+03 8.798910e+03 8.830429e+03 8.858637e+03
3.5 8.828363e+03 8.788596e+03 8.821459e+03 8.861226e+03
4.5 8.763556e+03 8.757116e+03 8.790537e+03 8.796977e+03
5.5 8.746624e+03 8.731215e+03 8.764969e+03 8.780378e+03
6.5 8.749378e+03 8.716239e+03 8.750048e+03 8.783187e+03
7.5 8.714673e+03 8.710600e+03 8.742780e+03 8.746852e+03
8.5 8.756428e+03 8.750396e+03 8.739645e+03 8.745677e+03
9.5 8.815677e+03 8.794932e+03 8.738430e+03 8.759175e+03
10.5 8.845790e+03 8.785653e+03 8.738021e+03 8.798158e+03
0.5 8.687947e+03 8.710924e+03 8.740297e+03 8.717321e+03
1.5 8.733348e+03 8.752355e+03 8.784920e+03 8.765913e+03
2.5 8.790748e+03 8.798568e+03 8.832469e+03 8.824649e+03
3.5 8.823880e+03 8.788938e+03 8.823395e+03 8.858337e+03
4.5 8.811613e+03 8.757589e+03 8.792385e+03 8.846409e+03
5.5 8.754329e+03 8.731886e+03 8.766744e+03 8.789188e+03
6.5 8.697506e+03 8.716839e+03 8.751767e+03 8.732434e+03
7.5 8.672752e+03 8.711209e+03 8.746205e+03 8.707749e+03
8.5 8.728710e+03 8.752539e+03 8.787605e+03 8.763776e+03
9.5 8.829402e+03 8.798721e+03 8.833853e+03 8.864534e+03
10.5 8.780186e+03 8.789089e+03 8.824286e+03 8.815383e+03
0.5 8.672752e+03 8.711209e+03 8.746205e+03 8.707749e+03
1.5 8.728710e+03 8.752539e+03 8.787605e+03 8.763776e+03
2.5 8.829402e+03 8.798721e+03 8.833853e+03 8.864534e+03
3.5 8.780186e+03 8.789089e+03 8.824286e+03 8.815383e+03
4.5 8.726722e+03 8.757741e+03 8.793005e+03 8.761986e+03
5.5 8.745344e+03 8.733740e+03 8.767386e+03 8.778991e+03
6.5 8.831986e+03 8.761714e+03 8.752440e+03 8.822711e+03
7.5 8.865696e+03 8.800183e+03 8.745163e+03 8.810676e+03
8.5 8.802393e+03 8.788175e+03 8.742025e+03 8.756243e+03
9.5 8.712231e+03 8.756932e+03 8.740809e+03 8.696108e+03
10.5 8.693802e+03 8.733369e+03 8.740408e+03 8.700841e+03
0.5 8.751742e+03 8.733979e+03 8.742406e+03 8.760169e+03
1.5 8.793729e+03 8.763883e+03 8.787068e+03 8.816913e+03
2.5 8.829501e+03 8.804392e+03 8.834644e+03 8.859753e+03
3.5 8.807103e+03 8.792276e+03 8.825582e+03 8.840409e+03
4.5 8.704823e+03 8.760083e+03 8.794569e+03 8.739309e+03
5.5 8.746738e+03 8.735728e+03 8.768913e+03 8.779923e+03
6.5 8.798769e+03 8.763572e+03 8.753912e+03 8.789109e+03
7.5 8.847317e+03 8.802197e+03 8.746572e+03 8.791691e+03
8.5 8.759640e+03 8.790352e+03 8.743364e+03 8.712652e+03
9.5 8.701096e+03 8.759275e+03 8.742069e+03 8.683891e+03
10.5 8.660056e+03 8.734191e+03 8.741571e+03 8.667436e+03
0.5 8.758989e+03 8.717719e+03 8.735055e+03 8.776325e+03
1.5 8.761818e+03 8.762605e+03 8.778928e+03 8.778140e+03
2.5 8.814596e+03 8.810410e+03 8.825698e+03 8.829884e+03
3.5 8.851120e+03 8.801583e+03 8.815816e+03 8.865353e+03
4.5 8.768611e+03 8.770802e+03 8.783970e+03 8.781779e+03
5.5 8.817320e+03 8.745369e+03 8.757468e+03 8.829418e+03
6.5 8.851995e+03 8.732334e+03 8.743347e+03 8.863007e+03
7.5 8.852258e+03 8.769787e+03 8.779692e+03 8.862163e+03
8.5 8.851486e+03 8.814303e+03 8.823080e+03 8.860263e+03
9.5 8.840494e+03 8.804117e+03 8.811747e+03 8.848124e+03
10.5 8.805422e+03 8.772795e+03 8.779266e+03 8.811893e+03
0.5 8.851995e+03 8.732334e+03 8.743347e+03 8.863007e+03
1.5 8.852258e+03 8.769787e+03 8.779692e+03 8.862163e+03
2.5 8.851486e+03 8.814303e+03 8.823080e+03 8.860263e+03
3.5 8.840494e+03 8.804117e+03 8.811747e+03 8.848124e+03
4.5 8.805422e+03 8.772795e+03 8.779266e+03 8.811893e+03
5.5 8.756087e+03 8.747042e+03 8.752363e+03 8.761408e+03
6.5 8.706611e+03 8.732207e+03 8.736395e+03 8.710799e+03
7.5 8.695355e+03 8.726780e+03 8.729827e+03 8.698401e+03
8.5 8.676642e+03 8.768322e+03 8.770206e+03 8.678526e+03
9.5 8.700612e+03 8.814721e+03 8.815423e+03 8.701314e+03
10.5 8.680444e+03 8.805309e+03 8.804815e+03 8.679950e+03
0.5 8.695355e+03 8.726780e+03 8.729827e+03 8.698401e+03
1.5 8.676642e+03 8.768322e+03 8.770206e+03 8.678526e+03
2.5 8.700612e+03 8.814721e+03 8.815423e+03 8.701314e+03
3.5 8.680444e+03 8.805309e+03 8.804815e+03 8.679950e+03
4.5 8.635230e+03 8.774186e+03 8.772488e+03 8.633532e+03
5.5 8.728175e+03 8.748674e+03 8.745769e+03 8.725270e+03
6.5 8.746026e+03 8.733772e+03 8.729659e+03 8.741913e+03
7.5 8.733163e+03 8.726546e+03 8.721225e+03 8.727843e+03
