8.091562e+03 8.097306e+03 8.078187e+03 8.110681e+03
8.231673e+03 8.226418e+03 8.203754e+03 8.254337e+03
8.479636e+03 8.363568e+03 8.337478e+03 8.505726e+03
8.563344e+03 8.341558e+03 8.312268e+03 8.592633e+03
8.478389e+03 8.257831e+03 8.225557e+03 8.510663e+03
8.220408e+03 8.193984e+03 8.158798e+03 8.255594e+03
7.967780e+03 8.280251e+03 8.242186e+03 8.005845e+03
8.126584e+03 8.396188e+03 8.355301e+03 8.167472e+03
8.288957e+03 8.364642e+03 8.321084e+03 8.332516e+03
8.067499e+03 8.276802e+03 8.230728e+03 8.113573e+03
8.064521e+03 8.211117e+03 8.162602e+03 8.113036e+03
8.142367e+03 8.296183e+03 8.245282e+03 8.193268e+03
8.310222e+03 8.411722e+03 8.358501e+03 8.363442e+03
8.361694e+03 8.379821e+03 8.324364e+03 8.417151e+03
8.219796e+03 8.291663e+03 8.234062e+03 8.277397e+03
8.026011e+03 8.220745e+03 8.161096e+03 8.085660e+03
8.197348e+03 8.180295e+03 8.123037e+03 8.254606e+03
8.219991e+03 8.162084e+03 8.214089e+03 8.167987e+03
8.331974e+03 8.155410e+03 8.324080e+03 8.163304e+03
8.328149e+03 8.154053e+03 8.298277e+03 8.183925e+03
8.318557e+03 8.154880e+03 8.220022e+03 8.253415e+03
8.234479e+03 8.156263e+03 8.160120e+03 8.230622e+03
8.187588e+03 8.158364e+03 8.234376e+03 8.111576e+03
8.278906e+03 8.160382e+03 8.335044e+03 8.104244e+03
8.417096e+03 8.162318e+03 8.304829e+03 8.274585e+03
8.343054e+03 8.164173e+03 8.224696e+03 8.282531e+03
8.280496e+03 8.170839e+03 8.164844e+03 8.286492e+03
8.239203e+03 8.297674e+03 8.252386e+03 8.284492e+03
8.455606e+03 8.432636e+03 8.367965e+03 8.520278e+03
8.472107e+03 8.408484e+03 8.334827e+03 8.545765e+03
8.273387e+03 8.322636e+03 8.244856e+03 8.351167e+03
8.187813e+03 8.251788e+03 8.171957e+03 8.267644e+03
7.994133e+03 8.210813e+03 8.133898e+03 8.071048e+03
8.083965e+03 8.191313e+03 8.224856e+03 8.050422e+03
8.323154e+03 8.183379e+03 8.334721e+03 8.171812e+03
8.265965e+03 8.180784e+03 8.308758e+03 8.137990e+03
8.217784e+03 8.180396e+03 8.230336e+03 8.167844e+03
7.855785e+03 8.180586e+03 8.165911e+03 7.870461e+03
8.051074e+03 8.181518e+03 8.133188e+03 8.099403e+03
8.152106e+03 8.182391e+03 8.226350e+03 8.108147e+03
8.279128e+03 8.183209e+03 8.337112e+03 8.125225e+03
8.331484e+03 8.183975e+03 8.311440e+03 8.204019e+03
8.307368e+03 8.184690e+03 8.233052e+03 8.259006e+03
8.187512e+03 8.185357e+03 8.168596e+03 8.204273e+03
8.257037e+03 8.190870e+03 8.136314e+03 8.311593e+03
8.135934e+03 8.316588e+03 8.243391e+03 8.209131e+03
8.475642e+03 8.450471e+03 8.368982e+03 8.557130e+03
8.386464e+03 8.425279e+03 8.340316e+03 8.471427e+03
8.252658e+03 8.338433e+03 8.252027e+03 8.339064e+03
8.150948e+03 8.266626e+03 8.179359e+03 8.238215e+03
8.120900e+03 8.224718e+03 8.137311e+03 8.208307e+03
8.213929e+03 8.204306e+03 8.121110e+03 8.297124e+03
8.195472e+03 8.195502e+03 8.223299e+03 8.167675e+03
8.372996e+03 8.192091e+03 8.338170e+03 8.226917e+03
8.507135e+03 8.190941e+03 8.314087e+03 8.383989e+03
8.459044e+03 8.190419e+03 8.235917e+03 8.413546e+03
8.294814e+03 8.190666e+03 8.171899e+03 8.313581e+03
8.261700e+03 8.190879e+03 8.134437e+03 8.318142e+03
8.138096e+03 8.191081e+03 8.120436e+03 8.208741e+03
8.246727e+03 8.191285e+03 8.223538e+03 8.214474e+03
8.341329e+03 8.191493e+03 8.338726e+03 8.194096e+03
8.393877e+03 8.191704e+03 8.314710e+03 8.270871e+03
8.338528e+03 8.191914e+03 8.236542e+03 8.293901e+03
8.112026e+03 8.192105e+03 8.172443e+03 8.131688e+03
7.987422e+03 8.192273e+03 8.134908e+03 8.044787e+03
8.123932e+03 8.197334e+03 8.121393e+03 8.199874e+03
8.214959e+03 8.322657e+03 8.238465e+03 8.299151e+03
8.258743e+03 8.456200e+03 8.368554e+03 8.346390e+03
8.469040e+03 8.430717e+03 8.341631e+03 8.558126e+03
8.553706e+03 8.343623e+03 8.253664e+03 8.643666e+03
8.211651e+03 8.271611e+03 8.181489e+03 8.301774e+03
8.145491e+03 8.229547e+03 8.139246e+03 8.235792e+03
8.059462e+03 8.213928e+03 8.123448e+03 8.149942e+03
8.154200e+03 8.330198e+03 8.239541e+03 8.244857e+03
8.430175e+03 8.460087e+03 8.369257e+03 8.521005e+03
8.374644e+03 8.433218e+03 8.342220e+03 8.465642e+03
8.230721e+03 8.345366e+03 8.254195e+03 8.321892e+03
8.108991e+03 8.273415e+03 8.186425e+03 8.195981e+03
8.262920e+03 8.231436e+03 8.255414e+03 8.238942e+03
8.335825e+03 8.211001e+03 8.353247e+03 8.193579e+03
8.354191e+03 8.202188e+03 8.321501e+03 8.234878e+03
8.119391e+03 8.198772e+03 8.240456e+03 8.077707e+03
8.074847e+03 8.197644e+03 8.179446e+03 8.093045e+03
8.251354e+03 8.197172e+03 8.252483e+03 8.196044e+03
8.346929e+03 8.197491e+03 8.352754e+03 8.191666e+03
8.363756e+03 8.197791e+03 8.322148e+03 8.239399e+03
8.036816e+03 8.198075e+03 8.241643e+03 7.993248e+03
8.222826e+03 8.203256e+03 8.181471e+03 8.244611e+03
8.126286e+03 8.328690e+03 8.268750e+03 8.186226e+03
8.380904e+03 8.462307e+03 8.384096e+03 8.459116e+03
8.322823e+03 8.436857e+03 8.350748e+03 8.408932e+03
8.150954e+03 8.349757e+03 8.260599e+03 8.240112e+03
7.976553e+03 8.277703e+03 8.191906e+03 8.062350e+03
8.100405e+03 8.235570e+03 8.260545e+03 8.075430e+03
8.423688e+03 8.214956e+03 8.358769e+03 8.279876e+03
8.359642e+03 8.205947e+03 8.327429e+03 8.238159e+03
8.099973e+03 8.202312e+03 8.246794e+03 8.055490e+03
7.850092e+03 8.200913e+03 8.181832e+03 7.869173e+03
8.217760e+03 8.200115e+03 8.148479e+03 8.269396e+03
8.312847e+03 8.200077e+03 8.241868e+03 8.271056e+03
8.234250e+03 8.199994e+03 8.352890e+03 8.081354e+03
8.420556e+03 8.199862e+03 8.327503e+03 8.292915e+03
8.181428e+03 8.199680e+03 8.249431e+03 8.131677e+03
8.276616e+03 8.199456e+03 8.185338e+03 8.290733e+03
7.978235e+03 8.199184e+03 8.152920e+03 8.024499e+03
7.962185e+03 8.198845e+03 8.246415e+03 7.914614e+03
8.238376e+03 8.198428e+03 8.357529e+03 8.079276e+03
8.356696e+03 8.197937e+03 8.332228e+03 8.222405e+03
8.203485e+03 8.197373e+03 8.254237e+03 8.146622e+03
8.256395e+03 8.196737e+03 8.190213e+03 8.262919e+03
8.269629e+03 8.196028e+03 8.153504e+03 8.312153e+03
8.288921e+03 8.195245e+03 8.140269e+03 8.343897e+03
8.287184e+03 8.194385e+03 8.244134e+03 8.237435e+03
8.382559e+03 8.193448e+03 8.360081e+03 8.215926e+03
8.325762e+03 8.192432e+03 8.336825e+03 8.181369e+03
8.176892e+03 8.191336e+03 8.259420e+03 8.108808e+03
8.099724e+03 8.190158e+03 8.196105e+03 8.093777e+03
8.002801e+03 8.188899e+03 8.159369e+03 8.032332e+03
7.898662e+03 8.187557e+03 8.141752e+03 7.944467e+03
8.129404e+03 8.186134e+03 8.134455e+03 8.181083e+03
8.422215e+03 8.184628e+03 8.131947e+03 8.474896e+03
8.431906e+03 8.183033e+03 8.131437e+03 8.483502e+03
8.510679e+03 8.181343e+03 8.131468e+03 8.560554e+03
8.351419e+03 8.179569e+03 8.132191e+03 8.398797e+03
8.297733e+03 8.182610e+03 8.137792e+03 8.342552e+03
8.306354e+03 8.305829e+03 8.263629e+03 8.348554e+03
8.449465e+03 8.437183e+03 8.397658e+03 8.488990e+03
8.534568e+03 8.409430e+03 8.372633e+03 8.571366e+03
8.110188e+03 8.319991e+03 8.285946e+03 8.144233e+03
8.248449e+03 8.245557e+03 8.214279e+03 8.279727e+03
8.353152e+03 8.205899e+03 8.177428e+03 8.381623e+03
8.445877e+03 8.307974e+03 8.282366e+03 8.471485e+03
8.634343e+03 8.429831e+03 8.407140e+03 8.657034e+03
8.608241e+03 8.398003e+03 8.378275e+03 8.627970e+03
8.572146e+03 8.306779e+03 8.290048e+03 8.588876e+03
8.387583e+03 8.231222e+03 8.217466e+03 8.401339e+03
8.152704e+03 8.186374e+03 8.175548e+03 8.163530e+03
8.311701e+03 8.167927e+03 8.160052e+03 8.319577e+03
8.159313e+03 8.281333e+03 8.276463e+03 8.164183e+03
8.155631e+03 8.408325e+03 8.406512e+03 8.157445e+03
8.053902e+03 8.378533e+03 8.379810e+03 8.052624e+03
7.833894e+03 8.287743e+03 8.292132e+03 7.829505e+03
8.124050e+03 8.212701e+03 8.220212e+03 8.116540e+03
8.179953e+03 8.167457e+03 8.178092e+03 8.169318e+03
8.001109e+03 8.143770e+03 8.157526e+03 7.987353e+03
7.944885e+03 8.131816e+03 8.148687e+03 7.928014e+03
