8.790517e+03 8.714787e+03 8.697286e+03 8.808018e+03
8.814748e+03 8.746325e+03 8.741887e+03 8.819186e+03
8.877996e+03 8.779918e+03 8.789395e+03 8.868520e+03
8.851038e+03 8.773502e+03 8.780321e+03 8.844219e+03
8.793913e+03 8.751605e+03 8.749354e+03 8.796164e+03
8.684312e+03 8.734734e+03 8.725495e+03 8.693552e+03
8.679398e+03 8.755666e+03 8.755097e+03 8.679967e+03
8.735454e+03 8.784084e+03 8.795286e+03 8.724252e+03
8.768648e+03 8.775411e+03 8.783021e+03 8.761038e+03
8.692772e+03 8.752608e+03 8.750772e+03 8.694608e+03
8.656250e+03 8.735402e+03 8.726440e+03 8.665213e+03
8.725649e+03 8.756167e+03 8.755805e+03 8.726011e+03
8.771304e+03 8.784622e+03 8.796047e+03 8.759880e+03
8.767602e+03 8.775979e+03 8.783823e+03 8.759757e+03
8.723079e+03 8.753196e+03 8.751604e+03 8.724671e+03
8.703853e+03 8.734781e+03 8.725561e+03 8.713073e+03
8.711736e+03 8.725251e+03 8.712083e+03 8.724903e+03
8.734712e+03 8.750549e+03 8.747861e+03 8.737401e+03
8.796183e+03 8.780777e+03 8.790610e+03 8.786351e+03
8.822034e+03 8.773750e+03 8.780671e+03 8.815112e+03
8.796209e+03 8.752329e+03 8.750377e+03 8.798161e+03
8.733250e+03 8.735915e+03 8.727165e+03 8.742000e+03
8.735835e+03 8.756179e+03 8.755822e+03 8.736192e+03
8.795467e+03 8.783668e+03 8.794698e+03 8.784437e+03
8.816261e+03 8.775362e+03 8.782951e+03 8.808671e+03
8.752184e+03 8.753405e+03 8.751900e+03 8.753690e+03
8.715851e+03 8.736891e+03 8.728544e+03 8.724197e+03
8.760119e+03 8.758077e+03 8.758507e+03 8.759689e+03
8.840212e+03 8.786756e+03 8.799065e+03 8.827903e+03
8.848870e+03 8.778217e+03 8.786989e+03 8.840099e+03
8.738235e+03 8.755476e+03 8.754828e+03 8.738883e+03
8.691190e+03 8.737077e+03 8.728808e+03 8.699459e+03
8.674310e+03 8.727558e+03 8.715346e+03 8.686522e+03
8.722191e+03 8.752859e+03 8.751128e+03 8.723923e+03
8.804141e+03 8.783080e+03 8.793866e+03 8.793355e+03
8.784130e+03 8.776036e+03 8.783904e+03 8.776262e+03
8.720482e+03 8.754595e+03 8.753583e+03 8.721495e+03
8.668751e+03 8.736970e+03 8.728657e+03 8.677064e+03
8.649836e+03 8.728001e+03 8.715972e+03 8.661864e+03
8.700527e+03 8.753462e+03 8.751980e+03 8.702009e+03
8.774726e+03 8.783738e+03 8.794796e+03 8.763668e+03
8.793711e+03 8.776700e+03 8.784843e+03 8.785567e+03
8.746999e+03 8.755245e+03 8.754501e+03 8.747743e+03
8.689304e+03 8.737601e+03 8.729550e+03 8.697356e+03
8.717596e+03 8.728652e+03 8.716894e+03 8.729354e+03
8.752728e+03 8.755206e+03 8.754447e+03 8.753488e+03
8.827118e+03 8.786646e+03 8.798910e+03 8.814855e+03
8.828363e+03 8.779354e+03 8.788596e+03 8.819121e+03
8.763556e+03 8.757094e+03 8.757116e+03 8.763534e+03
8.746624e+03 8.738779e+03 8.731215e+03 8.754188e+03
8.749378e+03 8.728189e+03 8.716239e+03 8.761329e+03
8.714673e+03 8.724202e+03 8.710600e+03 8.728274e+03
8.756428e+03 8.752342e+03 8.750396e+03 8.758374e+03
8.815677e+03 8.783834e+03 8.794932e+03 8.804579e+03
8.845790e+03 8.777272e+03 8.785653e+03 8.837409e+03
8.782330e+03 8.755904e+03 8.755433e+03 8.782801e+03
8.734664e+03 8.738389e+03 8.730664e+03 8.742390e+03
8.724712e+03 8.728139e+03 8.716167e+03 8.736683e+03
8.689577e+03 8.724305e+03 8.710746e+03 8.703136e+03
8.721952e+03 8.752499e+03 8.750619e+03 8.723833e+03
8.794111e+03 8.783999e+03 8.795166e+03 8.782945e+03
8.792197e+03 8.777426e+03 8.785870e+03 8.783753e+03
8.747363e+03 8.756042e+03 8.755629e+03 8.747776e+03
8.701424e+03 8.738507e+03 8.730830e+03 8.709100e+03
8.692576e+03 8.728237e+03 8.716307e+03 8.704506e+03
8.687947e+03 8.724431e+03 8.710924e+03 8.701454e+03
8.733348e+03 8.753727e+03 8.752355e+03 8.734721e+03
8.790748e+03 8.786405e+03 8.798568e+03 8.778584e+03
8.823880e+03 8.779595e+03 8.788938e+03 8.814537e+03
8.811613e+03 8.757428e+03 8.757589e+03 8.811452e+03
8.754329e+03 8.739253e+03 8.731886e+03 8.761697e+03
8.697506e+03 8.728614e+03 8.716839e+03 8.709280e+03
8.672752e+03 8.724632e+03 8.711209e+03 8.686176e+03
8.728710e+03 8.753858e+03 8.752539e+03 8.730028e+03
8.829402e+03 8.786513e+03 8.798721e+03 8.817194e+03
8.780186e+03 8.779702e+03 8.789089e+03 8.770799e+03
8.726722e+03 8.757536e+03 8.757741e+03 8.726517e+03
8.745344e+03 8.740564e+03 8.733740e+03 8.752168e+03
8.831986e+03 8.760345e+03 8.761714e+03 8.830617e+03
8.865696e+03 8.787547e+03 8.800183e+03 8.853060e+03
8.802393e+03 8.779056e+03 8.788175e+03 8.793274e+03
8.712231e+03 8.756964e+03 8.756932e+03 8.712262e+03
8.693802e+03 8.740302e+03 8.733369e+03 8.700736e+03
8.772680e+03 8.760288e+03 8.761633e+03 8.771335e+03
8.796161e+03 8.787705e+03 8.800408e+03 8.783459e+03
8.751835e+03 8.779328e+03 8.788560e+03 8.742603e+03
8.722950e+03 8.757304e+03 8.757413e+03 8.722840e+03
8.751742e+03 8.740734e+03 8.733979e+03 8.758497e+03
8.793729e+03 8.761879e+03 8.763883e+03 8.791725e+03
8.829501e+03 8.790523e+03 8.804392e+03 8.815632e+03
8.807103e+03 8.781955e+03 8.792276e+03 8.796783e+03
8.704823e+03 8.759192e+03 8.760083e+03 8.703932e+03
8.746738e+03 8.741970e+03 8.735728e+03 8.752980e+03
8.798769e+03 8.761659e+03 8.763572e+03 8.796856e+03
8.847317e+03 8.788971e+03 8.802197e+03 8.834091e+03
8.759640e+03 8.780595e+03 8.790352e+03 8.749883e+03
8.701096e+03 8.758620e+03 8.759275e+03 8.700442e+03
8.660056e+03 8.740883e+03 8.734191e+03 8.666748e+03
8.724930e+03 8.731778e+03 8.721315e+03 8.735394e+03
8.774168e+03 8.757322e+03 8.757438e+03 8.774051e+03
8.815319e+03 8.787688e+03 8.800383e+03 8.802624e+03
8.793076e+03 8.780748e+03 8.790568e+03 8.783256e+03
8.649956e+03 8.759399e+03 8.760376e+03 8.648979e+03
8.693083e+03 8.741874e+03 8.735592e+03 8.699365e+03
8.748581e+03 8.733013e+03 8.723061e+03 8.758533e+03
8.748375e+03 8.758592e+03 8.759235e+03 8.747732e+03
8.747726e+03 8.788991e+03 8.802225e+03 8.734491e+03
8.742227e+03 8.782082e+03 8.792455e+03 8.731854e+03
8.720191e+03 8.760763e+03 8.762305e+03 8.718649e+03
8.739956e+03 8.743266e+03 8.737561e+03 8.745661e+03
8.720372e+03 8.733242e+03 8.723384e+03 8.730229e+03
8.731416e+03 8.729639e+03 8.718289e+03 8.742766e+03
8.766901e+03 8.758065e+03 8.758490e+03 8.766476e+03
8.819891e+03 8.789797e+03 8.803366e+03 8.806323e+03
8.815590e+03 8.783459e+03 8.794402e+03 8.804647e+03
8.783701e+03 8.762312e+03 8.764496e+03 8.781517e+03
8.739122e+03 8.745021e+03 8.740042e+03 8.744100e+03
8.671364e+03 8.735001e+03 8.725872e+03 8.680493e+03
8.705537e+03 8.730212e+03 8.719099e+03 8.716650e+03
8.791041e+03 8.728247e+03 8.716320e+03 8.802967e+03
8.838589e+03 8.727594e+03 8.715396e+03 8.850786e+03
8.845400e+03 8.727489e+03 8.715248e+03 8.857640e+03
8.812442e+03 8.727534e+03 8.715312e+03 8.824664e+03
8.740502e+03 8.727770e+03 8.715646e+03 8.752626e+03
8.758989e+03 8.729236e+03 8.717719e+03 8.770506e+03
8.761818e+03 8.760975e+03 8.762605e+03 8.760188e+03
8.814596e+03 8.794778e+03 8.810410e+03 8.798964e+03
8.851120e+03 8.788537e+03 8.801583e+03 8.838074e+03
8.768611e+03 8.766771e+03 8.770802e+03 8.764580e+03
8.817320e+03 8.748788e+03 8.745369e+03 8.820738e+03
8.851995e+03 8.739571e+03 8.732334e+03 8.859231e+03
8.852258e+03 8.766053e+03 8.769787e+03 8.848524e+03
8.851486e+03 8.797531e+03 8.814303e+03 8.834714e+03
8.840494e+03 8.790328e+03 8.804117e+03 8.826705e+03
8.805422e+03 8.768180e+03 8.772795e+03 8.800808e+03
8.756087e+03 8.749971e+03 8.747042e+03 8.759016e+03
8.706611e+03 8.739480e+03 8.732207e+03 8.713885e+03
8.695355e+03 8.735643e+03 8.726780e+03 8.704218e+03
8.676642e+03 8.765018e+03 8.768322e+03 8.673338e+03
8.700612e+03 8.797827e+03 8.814721e+03 8.683718e+03
8.680444e+03 8.791171e+03 8.805309e+03 8.666306e+03
8.635230e+03 8.769164e+03 8.774186e+03 8.630208e+03
8.728175e+03 8.751124e+03 8.748674e+03 8.730626e+03
8.746026e+03 8.740587e+03 8.733772e+03 8.752841e+03
8.733163e+03 8.735477e+03 8.726546e+03 8.742095e+03
8.730360e+03 8.733320e+03 8.723494e+03 8.740185e+03
