6.259800e+03 6.325731e+03 6.296481e+03 6.289049e+03
6.431012e+03 6.378101e+03 6.370545e+03 6.438569e+03
6.442902e+03 6.433893e+03 6.449446e+03 6.427349e+03
6.657317e+03 6.423164e+03 6.434272e+03 6.646208e+03
6.501452e+03 6.386700e+03 6.382705e+03 6.505447e+03
6.469684e+03 6.358593e+03 6.342955e+03 6.485322e+03
6.291003e+03 6.393343e+03 6.392099e+03 6.292247e+03
6.268783e+03 6.440540e+03 6.458846e+03 6.250477e+03
6.330349e+03 6.426069e+03 6.438381e+03 6.318037e+03
6.336839e+03 6.388106e+03 6.384693e+03 6.340252e+03
6.227208e+03 6.359452e+03 6.344171e+03 6.242490e+03
6.205110e+03 6.393933e+03 6.392934e+03 6.206109e+03
6.408000e+03 6.441201e+03 6.459782e+03 6.389420e+03
6.386897e+03 6.426788e+03 6.439398e+03 6.374288e+03
6.472461e+03 6.388867e+03 6.385770e+03 6.475559e+03
6.283895e+03 6.358209e+03 6.342413e+03 6.299691e+03
6.371901e+03 6.342409e+03 6.320067e+03 6.394242e+03
6.352515e+03 6.386535e+03 6.382471e+03 6.356578e+03
6.500897e+03 6.438997e+03 6.456664e+03 6.483230e+03
6.442399e+03 6.426851e+03 6.439486e+03 6.429764e+03
6.458502e+03 6.389741e+03 6.387006e+03 6.461238e+03
6.402673e+03 6.361294e+03 6.346775e+03 6.417192e+03
6.336828e+03 6.396348e+03 6.396349e+03 6.336827e+03
6.478045e+03 6.443917e+03 6.463621e+03 6.458340e+03
6.429498e+03 6.429499e+03 6.443232e+03 6.415765e+03
6.482970e+03 6.391444e+03 6.389414e+03 6.485000e+03
6.465377e+03 6.362729e+03 6.348805e+03 6.479301e+03
6.402678e+03 6.397215e+03 6.397576e+03 6.402317e+03
6.526502e+03 6.444533e+03 6.464494e+03 6.506542e+03
6.471637e+03 6.430167e+03 6.444176e+03 6.457628e+03
6.443936e+03 6.392276e+03 6.390591e+03 6.445621e+03
6.380817e+03 6.361646e+03 6.347273e+03 6.395190e+03
6.321183e+03 6.345874e+03 6.324968e+03 6.342089e+03
6.355672e+03 6.390027e+03 6.387410e+03 6.358289e+03
6.451552e+03 6.442499e+03 6.461616e+03 6.432435e+03
6.515210e+03 6.430345e+03 6.444428e+03 6.501127e+03
6.492390e+03 6.393223e+03 6.391930e+03 6.493683e+03
6.212437e+03 6.362699e+03 6.348762e+03 6.226374e+03
6.306005e+03 6.347149e+03 6.326772e+03 6.326383e+03
6.324259e+03 6.391225e+03 6.389105e+03 6.326380e+03
6.385499e+03 6.443640e+03 6.463231e+03 6.365909e+03
6.438969e+03 6.431439e+03 6.445976e+03 6.424433e+03
6.405724e+03 6.394273e+03 6.393414e+03 6.406583e+03
6.289476e+03 6.363708e+03 6.350189e+03 6.302994e+03
6.321641e+03 6.348115e+03 6.328138e+03 6.341619e+03
6.425932e+03 6.391915e+03 6.390079e+03 6.427767e+03
6.455519e+03 6.444034e+03 6.463788e+03 6.435765e+03
6.492437e+03 6.431843e+03 6.446546e+03 6.477733e+03
6.419093e+03 6.394804e+03 6.394165e+03 6.419732e+03
6.368016e+03 6.364335e+03 6.351077e+03 6.381275e+03
6.334423e+03 6.346726e+03 6.326172e+03 6.354976e+03
6.321425e+03 6.340175e+03 6.316909e+03 6.344692e+03
6.265644e+03 6.389059e+03 6.386041e+03 6.268662e+03
6.481473e+03 6.443653e+03 6.463249e+03 6.461877e+03
6.562416e+03 6.432310e+03 6.447207e+03 6.547519e+03
6.474164e+03 6.395315e+03 6.394888e+03 6.474590e+03
6.488847e+03 6.364981e+03 6.351989e+03 6.501839e+03
6.316353e+03 6.347226e+03 6.326879e+03 6.336699e+03
6.291034e+03 6.340583e+03 6.317486e+03 6.314131e+03
6.450439e+03 6.389404e+03 6.386529e+03 6.453314e+03
6.355812e+03 6.443949e+03 6.463667e+03 6.336094e+03
6.547725e+03 6.432563e+03 6.447565e+03 6.532723e+03
6.370806e+03 6.395528e+03 6.395190e+03 6.371144e+03
6.323561e+03 6.365159e+03 6.352241e+03 6.336479e+03
6.343656e+03 6.347372e+03 6.327087e+03 6.363941e+03
6.256816e+03 6.340692e+03 6.317640e+03 6.279869e+03
6.369454e+03 6.389248e+03 6.386308e+03 6.372394e+03
6.444754e+03 6.443516e+03 6.463055e+03 6.425215e+03
6.477120e+03 6.432166e+03 6.447004e+03 6.462282e+03
6.436236e+03 6.395293e+03 6.394857e+03 6.436672e+03
6.344056e+03 6.365070e+03 6.352115e+03 6.357011e+03
6.375456e+03 6.347376e+03 6.327093e+03 6.395739e+03
6.347987e+03 6.340753e+03 6.317726e+03 6.371014e+03
6.356240e+03 6.389343e+03 6.386442e+03 6.359141e+03
6.449853e+03 6.443635e+03 6.463224e+03 6.430265e+03
6.554813e+03 6.432308e+03 6.447204e+03 6.539917e+03
6.505431e+03 6.395449e+03 6.395078e+03 6.505802e+03
6.496637e+03 6.367309e+03 6.355281e+03 6.508664e+03
6.401558e+03 6.402293e+03 6.404757e+03 6.399094e+03
6.497097e+03 6.449754e+03 6.471876e+03 6.474974e+03
6.531602e+03 6.435203e+03 6.451298e+03 6.515507e+03
6.335048e+03 6.397005e+03 6.397278e+03 6.334775e+03
6.392183e+03 6.368171e+03 6.356501e+03 6.403853e+03
6.456807e+03 6.402789e+03 6.405459e+03 6.454138e+03
6.456235e+03 6.450263e+03 6.472597e+03 6.433902e+03
6.368360e+03 6.435751e+03 6.452074e+03 6.352038e+03
6.341904e+03 6.397606e+03 6.398128e+03 6.341382e+03
6.375879e+03 6.368822e+03 6.357421e+03 6.387280e+03
6.414945e+03 6.403260e+03 6.406124e+03 6.412081e+03
6.413758e+03 6.450542e+03 6.472990e+03 6.391309e+03
6.447479e+03 6.436147e+03 6.452633e+03 6.430992e+03
6.339107e+03 6.398240e+03 6.399025e+03 6.338322e+03
6.167616e+03 6.369669e+03 6.358619e+03 6.178666e+03
6.174507e+03 6.404496e+03 6.407872e+03 6.171131e+03
6.600072e+03 6.452152e+03 6.475267e+03 6.576956e+03
6.309228e+03 6.437804e+03 6.454976e+03 6.292055e+03
6.407653e+03 6.399812e+03 6.401248e+03 6.406217e+03
6.158853e+03 6.369121e+03 6.357845e+03 6.170130e+03
6.368292e+03 6.353368e+03 6.335567e+03 6.386093e+03
6.345246e+03 6.397602e+03 6.398123e+03 6.344725e+03
6.460251e+03 6.450190e+03 6.472493e+03 6.437948e+03
6.532853e+03 6.438173e+03 6.455499e+03 6.515527e+03
6.280720e+03 6.401206e+03 6.403219e+03 6.278707e+03
6.270036e+03 6.370862e+03 6.360307e+03 6.280591e+03
6.217564e+03 6.355523e+03 6.338614e+03 6.234474e+03
6.319475e+03 6.399824e+03 6.401264e+03 6.318034e+03
6.316708e+03 6.452473e+03 6.475722e+03 6.293459e+03
6.465418e+03 6.440517e+03 6.458814e+03 6.447122e+03
6.389223e+03 6.403609e+03 6.406618e+03 6.386214e+03
6.323542e+03 6.373320e+03 6.363783e+03 6.333079e+03
6.228945e+03 6.355973e+03 6.339251e+03 6.245667e+03
6.486655e+03 6.349748e+03 6.330447e+03 6.505957e+03
6.452022e+03 6.398989e+03 6.400084e+03 6.450927e+03
6.486353e+03 6.453956e+03 6.477819e+03 6.462489e+03
6.566050e+03 6.442997e+03 6.462321e+03 6.546726e+03
6.530738e+03 6.406396e+03 6.410559e+03 6.526575e+03
6.258340e+03 6.376473e+03 6.368242e+03 6.266572e+03
6.236415e+03 6.359143e+03 6.343733e+03 6.251824e+03
6.237611e+03 6.350873e+03 6.332037e+03 6.256446e+03
6.371089e+03 6.347495e+03 6.327261e+03 6.391324e+03
6.467073e+03 6.346390e+03 6.325698e+03 6.487765e+03
6.424144e+03 6.346236e+03 6.325481e+03 6.444900e+03
6.568335e+03 6.346344e+03 6.325633e+03 6.589047e+03
6.478240e+03 6.346784e+03 6.326255e+03 6.498769e+03
6.411922e+03 6.349269e+03 6.329770e+03 6.431422e+03
6.451934e+03 6.402092e+03 6.404472e+03 6.449553e+03
6.574896e+03 6.458347e+03 6.484029e+03 6.549214e+03
6.607026e+03 6.448021e+03 6.469425e+03 6.585621e+03
6.472826e+03 6.411883e+03 6.418319e+03 6.466390e+03
6.357089e+03 6.382034e+03 6.376106e+03 6.363017e+03
6.551622e+03 6.366761e+03 6.354507e+03 6.563876e+03
6.477510e+03 6.410848e+03 6.416856e+03 6.471503e+03
6.589743e+03 6.463242e+03 6.490952e+03 6.562034e+03
6.574710e+03 6.451321e+03 6.474093e+03 6.551938e+03
6.474771e+03 6.414552e+03 6.422094e+03 6.467229e+03
6.327013e+03 6.384331e+03 6.379355e+03 6.331989e+03
6.373285e+03 6.366945e+03 6.354766e+03 6.385463e+03
6.296690e+03 6.360620e+03 6.345822e+03 6.311488e+03
6.246727e+03 6.409518e+03 6.414974e+03 6.241271e+03
6.395914e+03 6.464128e+03 6.492204e+03 6.367837e+03
6.338073e+03 6.453120e+03 6.476637e+03 6.314556e+03
6.213354e+03 6.416587e+03 6.424971e+03 6.204970e+03
6.245393e+03 6.386651e+03 6.382635e+03 6.249408e+03
6.433091e+03 6.369190e+03 6.357942e+03 6.444339e+03
6.354234e+03 6.360752e+03 6.346009e+03 6.368977e+03
6.183817e+03 6.357224e+03 6.341019e+03 6.200022e+03
