9.651724e+03 9.495259e+03 9.426303e+03 9.720680e+03
9.503054e+03 9.493085e+03 9.484673e+03 9.511466e+03
9.569364e+03 9.490983e+03 9.546886e+03 9.513462e+03
9.661728e+03 9.489022e+03 9.534602e+03 9.616147e+03
9.577427e+03 9.487191e+03 9.493510e+03 9.571108e+03
9.384680e+03 9.485405e+03 9.461784e+03 9.408301e+03
9.414368e+03 9.483639e+03 9.500471e+03 9.397536e+03
9.482087e+03 9.481908e+03 9.553107e+03 9.410888e+03
9.582190e+03 9.480270e+03 9.536676e+03 9.525785e+03
9.417736e+03 9.478727e+03 9.493942e+03 9.402522e+03
9.389975e+03 9.477231e+03 9.461643e+03 9.405562e+03
9.415267e+03 9.475767e+03 9.500070e+03 9.390963e+03
9.384796e+03 9.474344e+03 9.552827e+03 9.306313e+03
9.428234e+03 9.472973e+03 9.536496e+03 9.364711e+03
9.479542e+03 9.471658e+03 9.493841e+03 9.457359e+03
9.541854e+03 9.470401e+03 9.459329e+03 9.552927e+03
9.502604e+03 9.471868e+03 9.441828e+03 9.532644e+03
9.568451e+03 9.538881e+03 9.500301e+03 9.607031e+03
9.631865e+03 9.610433e+03 9.568724e+03 9.673575e+03
9.586937e+03 9.595441e+03 9.553094e+03 9.629283e+03
9.543078e+03 9.546938e+03 9.504980e+03 9.585036e+03
9.395401e+03 9.509351e+03 9.468041e+03 9.436711e+03
9.512876e+03 9.553605e+03 9.513280e+03 9.553201e+03
9.586017e+03 9.614109e+03 9.574731e+03 9.625395e+03
9.539758e+03 9.594390e+03 9.555919e+03 9.578228e+03
9.433291e+03 9.544105e+03 9.506505e+03 9.470892e+03
9.503918e+03 9.503308e+03 9.468834e+03 9.538392e+03
9.417113e+03 9.479209e+03 9.504211e+03 9.392111e+03
9.541660e+03 9.467321e+03 9.555611e+03 9.453370e+03
9.647808e+03 9.461810e+03 9.538775e+03 9.570843e+03
9.400121e+03 9.459281e+03 9.495989e+03 9.363413e+03
9.446814e+03 9.458024e+03 9.461508e+03 9.443330e+03
9.437951e+03 9.459812e+03 9.444083e+03 9.453681e+03
9.499732e+03 9.527558e+03 9.502684e+03 9.524606e+03
9.646731e+03 9.599806e+03 9.571212e+03 9.675326e+03
9.510762e+03 9.585474e+03 9.555663e+03 9.540573e+03
9.498084e+03 9.537614e+03 9.507621e+03 9.528077e+03
9.503108e+03 9.497984e+03 9.468081e+03 9.533012e+03
9.381425e+03 9.477344e+03 9.447877e+03 9.410892e+03
9.521267e+03 9.533946e+03 9.504889e+03 9.550324e+03
9.585570e+03 9.601377e+03 9.572703e+03 9.614244e+03
9.499474e+03 9.585162e+03 9.556847e+03 9.527788e+03
9.541698e+03 9.536647e+03 9.508667e+03 9.569678e+03
9.518416e+03 9.496706e+03 9.469039e+03 9.546083e+03
9.532873e+03 9.473525e+03 9.448444e+03 9.557955e+03
9.463814e+03 9.462092e+03 9.495964e+03 9.429943e+03
9.542014e+03 9.457007e+03 9.553660e+03 9.445360e+03
9.659699e+03 9.454876e+03 9.539716e+03 9.574859e+03
9.580577e+03 9.453991e+03 9.498106e+03 9.536462e+03
9.561600e+03 9.453463e+03 9.463906e+03 9.551157e+03
9.462228e+03 9.453377e+03 9.444168e+03 9.471436e+03
9.346777e+03 9.455960e+03 9.437179e+03 9.365558e+03
9.473569e+03 9.524034e+03 9.501124e+03 9.496479e+03
9.538148e+03 9.596578e+03 9.572069e+03 9.562657e+03
9.568306e+03 9.582513e+03 9.557465e+03 9.593354e+03
9.572239e+03 9.534890e+03 9.509597e+03 9.597532e+03
9.605824e+03 9.495475e+03 9.470298e+03 9.631001e+03
9.472053e+03 9.472368e+03 9.447291e+03 9.497130e+03
9.508630e+03 9.463657e+03 9.438675e+03 9.533612e+03
9.439782e+03 9.526767e+03 9.501880e+03 9.464669e+03
9.512581e+03 9.597286e+03 9.572497e+03 9.537370e+03
9.584187e+03 9.582427e+03 9.557737e+03 9.608877e+03
9.451712e+03 9.534356e+03 9.509764e+03 9.476304e+03
9.547396e+03 9.494926e+03 9.470424e+03 9.571899e+03
9.427327e+03 9.471803e+03 9.447379e+03 9.451751e+03
9.459356e+03 9.460409e+03 9.438359e+03 9.481407e+03
9.468142e+03 9.455349e+03 9.492067e+03 9.431424e+03
9.579512e+03 9.453230e+03 9.552570e+03 9.480172e+03
9.556794e+03 9.452347e+03 9.539737e+03 9.469404e+03
9.531179e+03 9.451811e+03 9.498361e+03 9.484629e+03
9.564703e+03 9.451712e+03 9.464492e+03 9.551923e+03
9.390409e+03 9.451602e+03 9.444658e+03 9.397354e+03
9.325748e+03 9.451493e+03 9.437224e+03 9.340017e+03
9.499188e+03 9.451384e+03 9.491638e+03 9.458935e+03
9.642814e+03 9.451278e+03 9.552440e+03 9.541652e+03
9.514970e+03 9.451174e+03 9.539737e+03 9.426407e+03
9.443965e+03 9.451069e+03 9.498435e+03 9.396598e+03
9.440569e+03 9.453633e+03 9.467259e+03 9.426943e+03
9.519204e+03 9.521692e+03 9.515633e+03 9.525263e+03
9.604099e+03 9.594228e+03 9.578586e+03 9.619740e+03
9.592401e+03 9.580162e+03 9.560388e+03 9.612176e+03
9.480950e+03 9.532551e+03 9.511175e+03 9.502326e+03
9.418778e+03 9.495824e+03 9.473919e+03 9.440683e+03
9.537243e+03 9.540908e+03 9.518782e+03 9.559369e+03
9.706134e+03 9.602211e+03 9.580234e+03 9.728110e+03
9.552958e+03 9.583256e+03 9.561420e+03 9.574794e+03
9.464717e+03 9.533706e+03 9.512004e+03 9.486419e+03
9.440196e+03 9.493624e+03 9.474351e+03 9.459470e+03
9.474746e+03 9.470223e+03 9.509769e+03 9.435200e+03
9.563081e+03 9.459017e+03 9.561221e+03 9.460877e+03
9.596465e+03 9.454174e+03 9.544443e+03 9.506196e+03
9.432822e+03 9.452303e+03 9.501729e+03 9.383397e+03
9.440035e+03 9.454365e+03 9.470002e+03 9.424398e+03
9.470659e+03 9.522303e+03 9.518183e+03 9.474779e+03
9.612875e+03 9.595188e+03 9.581402e+03 9.626662e+03
9.574237e+03 9.581493e+03 9.563481e+03 9.592249e+03
9.392358e+03 9.534267e+03 9.514551e+03 9.412075e+03
9.452256e+03 9.495283e+03 9.474910e+03 9.472628e+03
9.413798e+03 9.475316e+03 9.454570e+03 9.434544e+03
9.468202e+03 9.532617e+03 9.511853e+03 9.488966e+03
9.547870e+03 9.600759e+03 9.579956e+03 9.568673e+03
9.551112e+03 9.585270e+03 9.564405e+03 9.571977e+03
9.406511e+03 9.537498e+03 9.516548e+03 9.427461e+03
9.412999e+03 9.498327e+03 9.477272e+03 9.434054e+03
9.477574e+03 9.478610e+03 9.457428e+03 9.498757e+03
9.366907e+03 9.536161e+03 9.514819e+03 9.388249e+03
9.464414e+03 9.604564e+03 9.583027e+03 9.485951e+03
9.633737e+03 9.589348e+03 9.567581e+03 9.655505e+03
9.510435e+03 9.541861e+03 9.519829e+03 9.532466e+03
9.541719e+03 9.502984e+03 9.480654e+03 9.564049e+03
9.528039e+03 9.480905e+03 9.458242e+03 9.550702e+03
9.448611e+03 9.473268e+03 9.450238e+03 9.471641e+03
9.500881e+03 9.537497e+03 9.514064e+03 9.524314e+03
9.604009e+03 9.609184e+03 9.585312e+03 9.627881e+03
9.631610e+03 9.595544e+03 9.571195e+03 9.655959e+03
9.529630e+03 9.548743e+03 9.523880e+03 9.554493e+03
9.483616e+03 9.510632e+03 9.485217e+03 9.509031e+03
9.369582e+03 9.488874e+03 9.462868e+03 9.395588e+03
9.294146e+03 9.478892e+03 9.452257e+03 9.320780e+03
9.505833e+03 9.475290e+03 9.447987e+03 9.533135e+03
9.519104e+03 9.474675e+03 9.446667e+03 9.547113e+03
9.501984e+03 9.475341e+03 9.446584e+03 9.530741e+03
9.580941e+03 9.476396e+03 9.446847e+03 9.610490e+03
9.470245e+03 9.477928e+03 9.447547e+03 9.500626e+03
9.493854e+03 9.479497e+03 9.450543e+03 9.522809e+03
9.505816e+03 9.481103e+03 9.509930e+03 9.476990e+03
9.631715e+03 9.482744e+03 9.573166e+03 9.541293e+03
9.725697e+03 9.484417e+03 9.561825e+03 9.648289e+03
9.413479e+03 9.486105e+03 9.521572e+03 9.378011e+03
9.371795e+03 9.487802e+03 9.488365e+03 9.371232e+03
9.468678e+03 9.489524e+03 9.471490e+03 9.486712e+03
9.659062e+03 9.491279e+03 9.521112e+03 9.629229e+03
9.594510e+03 9.493068e+03 9.580043e+03 9.507535e+03
9.612765e+03 9.494885e+03 9.566935e+03 9.540715e+03
9.663902e+03 9.496724e+03 9.525996e+03 9.634631e+03
9.563213e+03 9.498548e+03 9.492389e+03 9.569372e+03
9.398564e+03 9.500345e+03 9.473156e+03 9.425754e+03
9.446401e+03 9.502155e+03 9.466315e+03 9.482241e+03
9.465669e+03 9.503999e+03 9.521338e+03 9.448330e+03
9.550518e+03 9.505873e+03 9.582763e+03 9.473628e+03
9.575833e+03 9.507769e+03 9.570688e+03 9.512914e+03
9.328289e+03 9.509677e+03 9.530023e+03 9.307944e+03
9.493566e+03 9.511592e+03 9.496748e+03 9.508410e+03
9.512972e+03 9.513507e+03 9.477447e+03 9.549032e+03
9.455810e+03 9.515422e+03 9.468254e+03 9.502978e+03
9.443383e+03 9.517332e+03 9.464559e+03 9.496156e+03
