8.717274e+03 8.678756e+03 8.630192e+03 8.765837e+03
8.738305e+03 8.677230e+03 8.671306e+03 8.744229e+03
8.801368e+03 8.675755e+03 8.715125e+03 8.761998e+03
8.782251e+03 8.674378e+03 8.706479e+03 8.750151e+03
8.711401e+03 8.673093e+03 8.677543e+03 8.706951e+03
8.604060e+03 8.671840e+03 8.655204e+03 8.620696e+03
8.598026e+03 8.670600e+03 8.682454e+03 8.586172e+03
8.655490e+03 8.669386e+03 8.719528e+03 8.605347e+03
8.685543e+03 8.668236e+03 8.707960e+03 8.645819e+03
8.605806e+03 8.667153e+03 8.677868e+03 8.595091e+03
8.573547e+03 8.666103e+03 8.655125e+03 8.584525e+03
8.644865e+03 8.665075e+03 8.682191e+03 8.627749e+03
8.698966e+03 8.664077e+03 8.719349e+03 8.643693e+03
8.698236e+03 8.663114e+03 8.707851e+03 8.653498e+03
8.662073e+03 8.662191e+03 8.677814e+03 8.646450e+03
8.647081e+03 8.661310e+03 8.653512e+03 8.654879e+03
8.661178e+03 8.662339e+03 8.641183e+03 8.682334e+03
8.703492e+03 8.709371e+03 8.682201e+03 8.730663e+03
8.751416e+03 8.759590e+03 8.730216e+03 8.780790e+03
8.754417e+03 8.749068e+03 8.719245e+03 8.784240e+03
8.725114e+03 8.715026e+03 8.685477e+03 8.754663e+03
8.664829e+03 8.688646e+03 8.659553e+03 8.693921e+03
8.672563e+03 8.719705e+03 8.691306e+03 8.700962e+03
8.732442e+03 8.762170e+03 8.734437e+03 8.760175e+03
8.753042e+03 8.748330e+03 8.721237e+03 8.780135e+03
8.690267e+03 8.713038e+03 8.686558e+03 8.716748e+03
8.658195e+03 8.684405e+03 8.660126e+03 8.682474e+03
8.697662e+03 8.667491e+03 8.685099e+03 8.680054e+03
8.771110e+03 8.659148e+03 8.721327e+03 8.708930e+03
8.758794e+03 8.655280e+03 8.709483e+03 8.704591e+03
8.658964e+03 8.653505e+03 8.679357e+03 8.633112e+03
8.615402e+03 8.652622e+03 8.655076e+03 8.612948e+03
8.599147e+03 8.653877e+03 8.642800e+03 8.610225e+03
8.653877e+03 8.701425e+03 8.683907e+03 8.671395e+03
8.741677e+03 8.752131e+03 8.731994e+03 8.761814e+03
8.725073e+03 8.742073e+03 8.721078e+03 8.746068e+03
8.670179e+03 8.708483e+03 8.687360e+03 8.691302e+03
8.592229e+03 8.680668e+03 8.659608e+03 8.613289e+03
8.579019e+03 8.666182e+03 8.645430e+03 8.599772e+03
8.638051e+03 8.705908e+03 8.685444e+03 8.658515e+03
8.704419e+03 8.753234e+03 8.733040e+03 8.724613e+03
8.724538e+03 8.741854e+03 8.721913e+03 8.744479e+03
8.682477e+03 8.707803e+03 8.688098e+03 8.702182e+03
8.626017e+03 8.679771e+03 8.660286e+03 8.645502e+03
8.648726e+03 8.663502e+03 8.645838e+03 8.666390e+03
8.693728e+03 8.655478e+03 8.679332e+03 8.669874e+03
8.757408e+03 8.651909e+03 8.719978e+03 8.689339e+03
8.747364e+03 8.650413e+03 8.710163e+03 8.687614e+03
8.682872e+03 8.649792e+03 8.680861e+03 8.651803e+03
8.667836e+03 8.649421e+03 8.656776e+03 8.660481e+03
8.670107e+03 8.649361e+03 8.642875e+03 8.676593e+03
8.650996e+03 8.651174e+03 8.637947e+03 8.664223e+03
8.688749e+03 8.698951e+03 8.682817e+03 8.704884e+03
8.750740e+03 8.749866e+03 8.732605e+03 8.768001e+03
8.789498e+03 8.739994e+03 8.722354e+03 8.807139e+03
8.725896e+03 8.706570e+03 8.688758e+03 8.743709e+03
8.667248e+03 8.678907e+03 8.661176e+03 8.684979e+03
8.661797e+03 8.662690e+03 8.645029e+03 8.679458e+03
8.625018e+03 8.656576e+03 8.638982e+03 8.642612e+03
8.665920e+03 8.700869e+03 8.683342e+03 8.683446e+03
8.732937e+03 8.750363e+03 8.732905e+03 8.750395e+03
8.718366e+03 8.739934e+03 8.722546e+03 8.735754e+03
8.682034e+03 8.706196e+03 8.688877e+03 8.699353e+03
8.641084e+03 8.678522e+03 8.661266e+03 8.658340e+03
8.633602e+03 8.662293e+03 8.645092e+03 8.650802e+03
8.624313e+03 8.654296e+03 8.638767e+03 8.639842e+03
8.660807e+03 8.650745e+03 8.676604e+03 8.634948e+03
8.719547e+03 8.649258e+03 8.719219e+03 8.649585e+03
8.748582e+03 8.648638e+03 8.710184e+03 8.687037e+03
8.739663e+03 8.648262e+03 8.681045e+03 8.706881e+03
8.690719e+03 8.648192e+03 8.657193e+03 8.681719e+03
8.619131e+03 8.648115e+03 8.643224e+03 8.624022e+03
8.593559e+03 8.648038e+03 8.637989e+03 8.603609e+03
8.655931e+03 8.647962e+03 8.676311e+03 8.627582e+03
8.753167e+03 8.647888e+03 8.719133e+03 8.681922e+03
8.695659e+03 8.647815e+03 8.710187e+03 8.633288e+03
8.629110e+03 8.647741e+03 8.681099e+03 8.595751e+03
8.644532e+03 8.649541e+03 8.659137e+03 8.634936e+03
8.729522e+03 8.697307e+03 8.693040e+03 8.733789e+03
8.778794e+03 8.748216e+03 8.737201e+03 8.789810e+03
8.733892e+03 8.738345e+03 8.724418e+03 8.747818e+03
8.644975e+03 8.704929e+03 8.689874e+03 8.660029e+03
8.631232e+03 8.679152e+03 8.663726e+03 8.646658e+03
8.713237e+03 8.710794e+03 8.695212e+03 8.728820e+03
8.739772e+03 8.753819e+03 8.738342e+03 8.755250e+03
8.713980e+03 8.740516e+03 8.725138e+03 8.729358e+03
8.673498e+03 8.705740e+03 8.690455e+03 8.688782e+03
8.693880e+03 8.677608e+03 8.664035e+03 8.707454e+03
8.723204e+03 8.661184e+03 8.689035e+03 8.695353e+03
8.754656e+03 8.653319e+03 8.725298e+03 8.682678e+03
8.720270e+03 8.649920e+03 8.713493e+03 8.656697e+03
8.609222e+03 8.648607e+03 8.683416e+03 8.574414e+03
8.645132e+03 8.650054e+03 8.661067e+03 8.634120e+03
8.713928e+03 8.697736e+03 8.694835e+03 8.716830e+03
8.782178e+03 8.748891e+03 8.739181e+03 8.791888e+03
8.698296e+03 8.739278e+03 8.726594e+03 8.710980e+03
8.636122e+03 8.706133e+03 8.692248e+03 8.650007e+03
8.593809e+03 8.678772e+03 8.664425e+03 8.608156e+03
8.658350e+03 8.664759e+03 8.650148e+03 8.672961e+03
8.713291e+03 8.704975e+03 8.690352e+03 8.727914e+03
8.750447e+03 8.752800e+03 8.738150e+03 8.765097e+03
8.732043e+03 8.741929e+03 8.727235e+03 8.746738e+03
8.592053e+03 8.708401e+03 8.693647e+03 8.606808e+03
8.618124e+03 8.680909e+03 8.666080e+03 8.632953e+03
8.658373e+03 8.667071e+03 8.652153e+03 8.673292e+03
8.673173e+03 8.707463e+03 8.692432e+03 8.688204e+03
8.674128e+03 8.755471e+03 8.740303e+03 8.689296e+03
8.678257e+03 8.744792e+03 8.729462e+03 8.693587e+03
8.646075e+03 8.711463e+03 8.695947e+03 8.661591e+03
8.647649e+03 8.684177e+03 8.668451e+03 8.663375e+03
8.644794e+03 8.668681e+03 8.652721e+03 8.660755e+03
8.666011e+03 8.663321e+03 8.647102e+03 8.682230e+03
8.708979e+03 8.708400e+03 8.691897e+03 8.725482e+03
8.755240e+03 8.758714e+03 8.741901e+03 8.772052e+03
8.758050e+03 8.749140e+03 8.731992e+03 8.775198e+03
8.717501e+03 8.716293e+03 8.698783e+03 8.735011e+03
8.679980e+03 8.689545e+03 8.671646e+03 8.697879e+03
8.599346e+03 8.674274e+03 8.655959e+03 8.617661e+03
8.627734e+03 8.667268e+03 8.648511e+03 8.646492e+03
8.716457e+03 8.664740e+03 8.645512e+03 8.735685e+03
8.759316e+03 8.664309e+03 8.644584e+03 8.779042e+03
8.771356e+03 8.664776e+03 8.644524e+03 8.791608e+03
8.729482e+03 8.665517e+03 8.644707e+03 8.750292e+03
8.662575e+03 8.666592e+03 8.645196e+03 8.683971e+03
8.682945e+03 8.667693e+03 8.647302e+03 8.703337e+03
8.687970e+03 8.668821e+03 8.689122e+03 8.667669e+03
8.743002e+03 8.669972e+03 8.733653e+03 8.679321e+03
8.774411e+03 8.671146e+03 8.725662e+03 8.719895e+03
8.694330e+03 8.672331e+03 8.697309e+03 8.669352e+03
8.746008e+03 8.673522e+03 8.673918e+03 8.745611e+03
8.794252e+03 8.674730e+03 8.662030e+03 8.806953e+03
8.799056e+03 8.675963e+03 8.696972e+03 8.778046e+03
8.785021e+03 8.677218e+03 8.738471e+03 8.723768e+03
8.753550e+03 8.678494e+03 8.729235e+03 8.702808e+03
8.727595e+03 8.679784e+03 8.700399e+03 8.706981e+03
8.694008e+03 8.681064e+03 8.676727e+03 8.698346e+03
8.651976e+03 8.682325e+03 8.663177e+03 8.671124e+03
8.653821e+03 8.683596e+03 8.658355e+03 8.679062e+03
8.625239e+03 8.684889e+03 8.697101e+03 8.613028e+03
8.634765e+03 8.686205e+03 8.740356e+03 8.580615e+03
8.603014e+03 8.687536e+03 8.731847e+03 8.558702e+03
8.549251e+03 8.688875e+03 8.703203e+03 8.534923e+03
8.661615e+03 8.690219e+03 8.679765e+03 8.672070e+03
8.682753e+03 8.691563e+03 8.666167e+03 8.708149e+03
8.650794e+03 8.692907e+03 8.659688e+03 8.684013e+03
8.629628e+03 8.694248e+03 8.657081e+03 8.666795e+03
