2.917487e+02 0.000000e+00 2.484660e+02 4.328261e+01
2.112243e+02 0.000000e+00 2.484660e+02 -3.724173e+01
3.535049e+02 0.000000e+00 2.807625e+02 7.274243e+01
1.968501e+02 0.000000e+00 2.807625e+02 -8.391238e+01
-7.662341e+01 0.000000e+00 2.330873e+00 -7.895428e+01
7.723054e+01 0.000000e+00 2.330873e+00 7.489966e+01
1.304226e+02 0.000000e+00 4.501685e+01 8.540573e+01
-5.472548e+01 0.000000e+00 4.501685e+01 -9.974232e+01
2.764048e+02 0.000000e+00 2.682001e+02 8.204742e+00
2.574677e+02 0.000000e+00 2.682001e+02 -1.073239e+01
9.386526e+01 0.000000e+00 1.107124e+02 -1.684710e+01
1.287867e+02 0.000000e+00 1.107124e+02 1.807429e+01
4.570258e+01 0.000000e+00 4.095663e+01 4.745956e+00
3.578358e+01 0.000000e+00 4.095663e+01 -5.173046e+00
6.712528e+01 0.000000e+00 8.774453e+01 -2.061925e+01
1.124867e+02 0.000000e+00 8.774453e+01 2.474218e+01
1.160534e+02 0.000000e+00 4.528654e+01 7.076690e+01
-2.077027e+01 0.000000e+00 4.528654e+01 -6.605681e+01
7.898645e+01 0.000000e+00 8.757365e+01 -8.587196e+00
9.303736e+01 0.000000e+00 8.757365e+01 5.463715e+00
2.624371e+02 0.000000e+00 1.863618e+02 7.607524e+01
1.070710e+02 0.000000e+00 1.863618e+02 -7.929086e+01
-1.267429e+02 0.000000e+00 -1.006581e+02 -2.608481e+01
-7.104820e+01 0.000000e+00 -1.006581e+02 2.960990e+01
2.266498e+02 0.000000e+00 2.542107e+02 -2.756093e+01
2.824413e+02 0.000000e+00 2.542107e+02 2.823059e+01
2.985276e+02 0.000000e+00 3.280986e+02 -2.957098e+01
3.625157e+02 0.000000e+00 3.280986e+02 3.441711e+01
8.805637e+02 9.633491e+02 9.633491e+02 8.805637e+02
1.062929e+03 9.633491e+02 9.633491e+02 1.062929e+03
2.713808e+01 0.000000e+00 3.741385e+01 -1.027576e+01
4.931416e+01 0.000000e+00 3.741385e+01 1.190031e+01
2.580945e+02 0.000000e+00 2.380461e+02 2.004843e+01
2.228747e+02 0.000000e+00 2.380461e+02 -1.517142e+01
1.384151e+02 0.000000e+00 7.485551e+01 6.355956e+01
4.332092e+00 0.000000e+00 7.485551e+01 -7.052341e+01
2.503392e+02 0.000000e+00 1.919690e+02 5.837019e+01
1.575923e+02 0.000000e+00 1.919690e+02 -3.437671e+01
-4.430311e+01 0.000000e+00 1.370435e+01 -5.800745e+01
7.794035e+01 0.000000e+00 1.370435e+01 6.423601e+01
1.887389e+02 0.000000e+00 1.400117e+02 4.872716e+01
9.083874e+01 0.000000e+00 1.400117e+02 -4.917297e+01
5.207341e+01 0.000000e+00 -6.346336e+00 5.841975e+01
-4.584111e+01 0.000000e+00 -6.346336e+00 -3.949477e+01
8.454395e+01 0.000000e+00 1.506395e+02 -6.609558e+01
2.374208e+02 0.000000e+00 1.506395e+02 8.678130e+01
-7.658669e+01 0.000000e+00 -8.929034e+01 1.270364e+01
-1.025623e+02 0.000000e+00 -8.929034e+01 -1.327192e+01
1.494914e+01 0.000000e+00 -2.752643e-02 1.497667e+01
-2.285231e+01 0.000000e+00 -2.752643e-02 -2.282479e+01
3.581792e+01 0.000000e+00 1.783261e+01 1.798531e+01
-4.883018e+00 0.000000e+00 1.783261e+01 -2.271563e+01
