1.314878e+02 0.000000e+00 1.244449e+02 7.042887e+00
1.179083e+02 0.000000e+00 1.244449e+02 -6.536605e+00
2.033991e+02 0.000000e+00 1.392082e+02 6.419091e+01
7.973436e+01 0.000000e+00 1.392082e+02 -5.947386e+01
2.599706e+01 0.000000e+00 3.417381e+01 -8.176744e+00
4.143446e+01 0.000000e+00 3.417381e+01 7.260652e+00
2.354404e+02 0.000000e+00 1.888515e+02 4.658889e+01
1.287211e+02 0.000000e+00 1.888515e+02 -6.013037e+01
1.850047e+02 0.000000e+00 1.538254e+02 3.117933e+01
1.122914e+02 0.000000e+00 1.538254e+02 -4.153396e+01
1.137658e+02 0.000000e+00 1.089479e+02 4.817884e+00
1.054515e+02 0.000000e+00 1.089479e+02 -3.496436e+00
1.429844e+02 0.000000e+00 1.062845e+02 3.669997e+01
6.791919e+01 0.000000e+00 1.062845e+02 -3.836528e+01
1.155464e+02 0.000000e+00 1.329644e+02 -1.741794e+01
1.534922e+02 0.000000e+00 1.329644e+02 2.052782e+01
1.544477e+02 0.000000e+00 1.568120e+02 -2.364385e+00
1.595070e+02 0.000000e+00 1.568120e+02 2.694943e+00
8.943258e+01 0.000000e+00 1.140454e+02 -2.461278e+01
1.340545e+02 0.000000e+00 1.140454e+02 2.000919e+01
1.375572e+02 0.000000e+00 1.217758e+02 1.578137e+01
1.093097e+02 0.000000e+00 1.217758e+02 -1.246610e+01
2.221121e+02 0.000000e+00 1.841386e+02 3.797356e+01
1.403903e+02 0.000000e+00 1.841386e+02 -4.374824e+01
1.321517e+02 0.000000e+00 1.380570e+02 -5.905291e+00
1.444375e+02 0.000000e+00 1.380570e+02 6.380518e+00
1.199034e+02 0.000000e+00 1.213073e+02 -1.403858e+00
1.221307e+02 0.000000e+00 1.213073e+02 8.234486e-01
3.365617e+02 0.000000e+00 3.362101e+02 3.516241e-01
3.373556e+02 0.000000e+00 3.362101e+02 1.145509e+00
3.358695e+02 2.999194e+02 2.999194e+02 3.358695e+02
2.648922e+02 2.999194e+02 2.999194e+02 2.648922e+02
2.524850e+02 0.000000e+00 2.146267e+02 3.785829e+01
1.858358e+02 0.000000e+00 2.146267e+02 -2.879096e+01
9.322442e+01 0.000000e+00 5.259427e+01 4.063015e+01
6.265632e+00 0.000000e+00 5.259427e+01 -4.632864e+01
1.862205e+02 0.000000e+00 1.287787e+02 5.744183e+01
9.902613e+01 0.000000e+00 1.287787e+02 -2.975255e+01
1.227992e+02 0.000000e+00 1.298052e+02 -7.006019e+00
1.379487e+02 0.000000e+00 1.298052e+02 8.143447e+00
2.573894e+02 0.000000e+00 2.471214e+02 1.026801e+01
2.404304e+02 0.000000e+00 2.471214e+02 -6.690939e+00
1.418820e+02 0.000000e+00 1.004171e+02 4.146494e+01
6.356453e+01 0.000000e+00 1.004171e+02 -3.685254e+01
1.311979e+02 0.000000e+00 1.382808e+02 -7.082915e+00
1.480811e+02 0.000000e+00 1.382808e+02 9.800268e+00
1.216924e+02 0.000000e+00 1.113156e+02 1.037678e+01
9.924540e+01 0.000000e+00 1.113156e+02 -1.207023e+01
4.533181e+01 0.000000e+00 5.617335e+01 -1.084153e+01
6.994878e+01 0.000000e+00 5.617335e+01 1.377544e+01
1.197269e+02 0.000000e+00 1.057358e+02 1.399115e+01
9.228643e+01 0.000000e+00 1.057358e+02 -1.344932e+01
