2.348358e+02 0.000000e+00 2.096499e+02 2.518581e+01
1.918789e+02 0.000000e+00 2.096499e+02 -1.777103e+01
2.142597e+02 0.000000e+00 1.611424e+02 5.311728e+01
1.101334e+02 0.000000e+00 1.611424e+02 -5.100903e+01
1.235812e+02 0.000000e+00 8.637987e+01 3.720137e+01
4.844310e+01 0.000000e+00 8.637987e+01 -3.793677e+01
3.297762e+02 0.000000e+00 2.479137e+02 8.186252e+01
9.445524e+01 0.000000e+00 2.479137e+02 -1.534585e+02
4.229146e+02 0.000000e+00 4.344442e+02 -1.152963e+01
4.496830e+02 0.000000e+00 4.344442e+02 1.523871e+01
2.737863e+02 0.000000e+00 2.215239e+02 5.226242e+01
1.643914e+02 0.000000e+00 2.215239e+02 -5.713243e+01
1.888591e+02 0.000000e+00 1.472810e+02 4.157812e+01
9.921833e+01 0.000000e+00 1.472810e+02 -4.806263e+01
2.104854e+02 0.000000e+00 2.182604e+02 -7.774933e+00
2.264771e+02 0.000000e+00 2.182604e+02 8.216705e+00
2.787821e+02 0.000000e+00 3.081261e+02 -2.934393e+01
3.374395e+02 0.000000e+00 3.081261e+02 2.931339e+01
1.539956e+02 0.000000e+00 2.691937e+02 -1.151981e+02
3.414723e+02 0.000000e+00 2.691937e+02 7.227856e+01
3.675129e+02 0.000000e+00 2.616289e+02 1.058841e+02
1.713156e+02 0.000000e+00 2.616289e+02 -9.031328e+01
3.229374e+02 0.000000e+00 3.078996e+02 1.503781e+01
2.882171e+02 0.000000e+00 3.078996e+02 -1.968253e+01
3.283582e+02 0.000000e+00 3.123656e+02 1.599261e+01
2.932403e+02 0.000000e+00 3.123656e+02 -1.912534e+01
1.429553e+02 0.000000e+00 1.807467e+02 -3.779146e+01
2.179063e+02 0.000000e+00 1.807467e+02 3.715961e+01
7.544592e+02 0.000000e+00 7.918871e+02 -3.742798e+01
8.387410e+02 0.000000e+00 7.918871e+02 4.685382e+01
4.464250e+02 0.000000e+00 4.072522e+02 3.917288e+01
3.621280e+02 0.000000e+00 4.072522e+02 -4.512418e+01
3.665164e+02 0.000000e+00 3.395501e+02 2.696631e+01
3.038878e+02 0.000000e+00 3.395501e+02 -3.566226e+01
4.289250e+02 4.158606e+02 4.158606e+02 4.289250e+02
4.035161e+02 4.158606e+02 4.158606e+02 4.035161e+02
4.226673e+02 0.000000e+00 3.872882e+02 3.537915e+01
3.695227e+02 0.000000e+00 3.872882e+02 -1.776544e+01
1.275704e+02 0.000000e+00 1.472470e+02 -1.967661e+01
1.660679e+02 0.000000e+00 1.472470e+02 1.882086e+01
1.150659e+02 0.000000e+00 1.435040e+02 -2.843813e+01
1.646234e+02 0.000000e+00 1.435040e+02 2.111940e+01
2.114361e+02 0.000000e+00 1.831141e+02 2.832204e+01
1.565542e+02 0.000000e+00 1.831141e+02 -2.655994e+01
2.274291e+02 0.000000e+00 2.156029e+02 1.182623e+01
1.996967e+02 0.000000e+00 2.156029e+02 -1.590616e+01
2.042366e+02 0.000000e+00 2.134574e+02 -9.220856e+00
2.222621e+02 0.000000e+00 2.134574e+02 8.804626e+00
3.741020e+02 0.000000e+00 3.622312e+02 1.187085e+01
3.510335e+02 0.000000e+00 3.622312e+02 -1.119763e+01
1.559699e+02 0.000000e+00 1.259737e+02 2.999624e+01
9.990948e+01 0.000000e+00 1.259737e+02 -2.606419e+01
