1.004024e+02 0.000000e+00 1.239652e+02 -2.356281e+01
1.495084e+02 0.000000e+00 1.239652e+02 2.554323e+01
1.493141e+02 0.000000e+00 9.977339e+01 4.954074e+01
7.014731e+01 0.000000e+00 9.977339e+01 -2.962608e+01
1.742694e+02 0.000000e+00 2.937427e+02 -1.194732e+02
3.705924e+02 0.000000e+00 2.937427e+02 7.684970e+01
6.636633e+02 0.000000e+00 5.267310e+02 1.369323e+02
3.046604e+02 0.000000e+00 5.267310e+02 -2.220706e+02
2.193618e+02 0.000000e+00 1.962918e+02 2.307005e+01
1.703806e+02 0.000000e+00 1.962918e+02 -2.591115e+01
3.796046e+02 0.000000e+00 3.091205e+02 7.048410e+01
2.700553e+02 0.000000e+00 3.091205e+02 -3.906516e+01
1.641153e+02 0.000000e+00 1.403094e+02 2.380591e+01
1.141150e+02 0.000000e+00 1.403094e+02 -2.619444e+01
1.353988e+02 0.000000e+00 1.312932e+02 4.105621e+00
1.263237e+02 0.000000e+00 1.312932e+02 -4.969482e+00
2.479680e+02 0.000000e+00 2.448576e+02 3.110352e+00
2.420880e+02 0.000000e+00 2.448576e+02 -2.769577e+00
3.945530e+02 4.437375e+02 4.437375e+02 3.945530e+02
4.821336e+02 4.437375e+02 4.437375e+02 4.821336e+02
2.899612e+02 0.000000e+00 1.933170e+02 9.664429e+01
1.118174e+02 0.000000e+00 1.933170e+02 -8.149959e+01
2.148009e+02 0.000000e+00 2.902813e+02 -7.548038e+01
4.065969e+02 0.000000e+00 2.902813e+02 1.163156e+02
2.716749e+02 0.000000e+00 2.424313e+02 2.924359e+01
2.153045e+02 0.000000e+00 2.424313e+02 -2.712680e+01
1.205487e+02 0.000000e+00 1.325235e+02 -1.197481e+01
1.479234e+02 0.000000e+00 1.325235e+02 1.539989e+01
7.702435e+02 0.000000e+00 8.218964e+02 -5.165289e+01
9.031345e+02 0.000000e+00 8.218964e+02 8.123810e+01
3.004898e+02 0.000000e+00 3.313596e+02 -3.086981e+01
3.647688e+02 0.000000e+00 3.313596e+02 3.340921e+01
2.582077e+02 0.000000e+00 2.692964e+02 -1.108865e+01
2.826476e+02 0.000000e+00 2.692964e+02 1.335120e+01
3.499989e+02 0.000000e+00 2.074881e+02 1.425108e+02
5.300763e+01 0.000000e+00 2.074881e+02 -1.544804e+02
6.797401e+02 0.000000e+00 4.404545e+02 2.392856e+02
3.713318e+02 0.000000e+00 4.404545e+02 -6.912268e+01
1.624662e+01 0.000000e+00 4.285970e+01 -2.661308e+01
7.111578e+01 0.000000e+00 4.285970e+01 2.825607e+01
3.428535e+02 0.000000e+00 4.097801e+02 -6.692661e+01
4.629055e+02 0.000000e+00 4.097801e+02 5.312540e+01
1.635867e+02 0.000000e+00 8.270284e+01 8.088383e+01
2.465983e+01 0.000000e+00 8.270284e+01 -5.804301e+01
1.688069e+02 0.000000e+00 1.592477e+02 9.559204e+00
1.488324e+02 0.000000e+00 1.592477e+02 -1.041536e+01
9.024876e+01 0.000000e+00 7.112782e+01 1.912095e+01
5.168812e+01 0.000000e+00 7.112782e+01 -1.943970e+01
1.811822e+02 0.000000e+00 2.688315e+02 -8.764929e+01
4.008769e+02 0.000000e+00 2.688315e+02 1.320455e+02
2.756464e+01 0.000000e+00 1.165927e+02 -8.902802e+01
2.364195e+02 0.000000e+00 1.165927e+02 1.198269e+02
