1.240880e+02 0.000000e+00 1.105850e+02 1.350304e+01
9.633245e+01 0.000000e+00 1.105850e+02 -1.425251e+01
2.043323e+02 0.000000e+00 1.311893e+02 7.314300e+01
6.129217e+01 0.000000e+00 1.311893e+02 -6.989710e+01
2.009996e+01 0.000000e+00 2.454094e+01 -4.440985e+00
2.873602e+01 0.000000e+00 2.454094e+01 4.195075e+00
2.068273e+02 0.000000e+00 1.616363e+02 4.519107e+01
1.030856e+02 0.000000e+00 1.616363e+02 -5.855064e+01
1.832211e+02 0.000000e+00 1.442427e+02 3.897840e+01
9.337884e+01 0.000000e+00 1.442427e+02 -5.086383e+01
1.298986e+02 0.000000e+00 1.150522e+02 1.484633e+01
9.914046e+01 0.000000e+00 1.150522e+02 -1.591177e+01
3.056876e+02 2.619850e+02 2.619850e+02 3.056876e+02
2.157303e+02 2.619850e+02 2.619850e+02 2.157303e+02
9.337533e+01 0.000000e+00 1.053921e+02 -1.201681e+01
1.203514e+02 0.000000e+00 1.053921e+02 1.495927e+01
1.145466e+02 0.000000e+00 1.249304e+02 -1.038377e+01
1.357896e+02 0.000000e+00 1.249304e+02 1.085919e+01
7.782807e+01 0.000000e+00 1.027627e+02 -2.493459e+01
1.226343e+02 0.000000e+00 1.027627e+02 1.987160e+01
1.227899e+02 0.000000e+00 1.047425e+02 1.804738e+01
8.963881e+01 0.000000e+00 1.047425e+02 -1.510368e+01
2.293543e+02 0.000000e+00 1.868371e+02 4.251714e+01
1.358979e+02 0.000000e+00 1.868371e+02 -5.093924e+01
1.216468e+02 0.000000e+00 1.123660e+02 9.280746e+00
1.027533e+02 0.000000e+00 1.123660e+02 -9.612711e+00
1.040482e+02 0.000000e+00 1.140842e+02 -1.003599e+01
1.255221e+02 0.000000e+00 1.140842e+02 1.143792e+01
2.602960e+02 0.000000e+00 2.590142e+02 1.281852e+00
2.589035e+02 0.000000e+00 2.590142e+02 -1.106642e-01
1.197722e+02 0.000000e+00 1.036526e+02 1.611966e+01
8.884459e+01 0.000000e+00 1.036526e+02 -1.480797e+01
1.848900e+02 0.000000e+00 1.551113e+02 2.977871e+01
1.314024e+02 0.000000e+00 1.551113e+02 -2.370893e+01
6.945874e+01 0.000000e+00 2.512382e+01 4.433492e+01
-2.472287e+01 0.000000e+00 2.512382e+01 -4.984669e+01
1.646245e+02 0.000000e+00 1.169040e+02 4.772054e+01
9.095665e+01 0.000000e+00 1.169040e+02 -2.594734e+01
5.344264e+01 0.000000e+00 7.277440e+01 -1.933176e+01
9.440669e+01 0.000000e+00 7.277440e+01 2.163229e+01
1.921727e+02 0.000000e+00 1.722944e+02 1.987830e+01
1.553809e+02 0.000000e+00 1.722944e+02 -1.691357e+01
1.274375e+02 0.000000e+00 8.590366e+01 4.153380e+01
5.124353e+01 0.000000e+00 8.590366e+01 -3.466013e+01
1.274542e+02 0.000000e+00 1.296912e+02 -2.236988e+00
1.344222e+02 0.000000e+00 1.296912e+02 4.731001e+00
1.161681e+02 0.000000e+00 1.051539e+02 1.101424e+01
9.313240e+01 0.000000e+00 1.051539e+02 -1.202148e+01
2.339950e+01 0.000000e+00 3.434600e+01 -1.094650e+01
4.835260e+01 0.000000e+00 3.434600e+01 1.400660e+01
1.116727e+02 0.000000e+00 9.028196e+01 2.139071e+01
6.966026e+01 0.000000e+00 9.028196e+01 -2.062169e+01
