1.071833e+02 0.000000e+00 7.849935e+01 2.868396e+01
4.803620e+01 0.000000e+00 7.849935e+01 -3.046315e+01
2.924843e+02 0.000000e+00 2.096263e+02 8.285799e+01
1.407163e+02 0.000000e+00 2.096263e+02 -6.890996e+01
3.029604e+02 2.817267e+02 2.817267e+02 3.029604e+02
2.631307e+02 2.817267e+02 2.817267e+02 2.631307e+02
3.360533e+02 0.000000e+00 2.806244e+02 5.542894e+01
2.097054e+02 0.000000e+00 2.806244e+02 -7.091894e+01
1.977041e+02 0.000000e+00 1.904186e+02 7.285559e+00
1.811625e+02 0.000000e+00 1.904186e+02 -9.256049e+00
1.263065e+02 0.000000e+00 1.487287e+02 -2.242221e+01
1.706274e+02 0.000000e+00 1.487287e+02 2.189861e+01
1.472626e+02 0.000000e+00 1.146512e+02 3.261136e+01
8.049739e+01 0.000000e+00 1.146512e+02 -3.415382e+01
1.547027e+02 0.000000e+00 1.807145e+02 -2.601178e+01
2.096042e+02 0.000000e+00 1.807145e+02 2.888970e+01
2.066296e+02 0.000000e+00 2.007818e+02 5.847862e+00
1.950408e+02 0.000000e+00 2.007818e+02 -5.740959e+00
7.340521e+01 0.000000e+00 1.097878e+02 -3.638259e+01
1.370539e+02 0.000000e+00 1.097878e+02 2.726609e+01
1.818576e+02 0.000000e+00 1.599673e+02 2.189028e+01
1.408371e+02 0.000000e+00 1.599673e+02 -1.913015e+01
2.249454e+02 0.000000e+00 2.188110e+02 6.134442e+00
2.128780e+02 0.000000e+00 2.188110e+02 -5.933009e+00
1.753372e+02 0.000000e+00 1.965118e+02 -2.117459e+01
2.188007e+02 0.000000e+00 1.965118e+02 2.228884e+01
2.365680e+02 0.000000e+00 2.301662e+02 6.401823e+00
2.220129e+02 0.000000e+00 2.301662e+02 -8.153307e+00
3.870803e+02 0.000000e+00 3.797410e+02 7.339297e+00
3.743337e+02 0.000000e+00 3.797410e+02 -5.407351e+00
1.996804e+02 0.000000e+00 1.675218e+02 3.215853e+01
1.340633e+02 0.000000e+00 1.675218e+02 -3.345856e+01
2.236886e+02 0.000000e+00 1.723282e+02 5.136033e+01
1.246949e+02 0.000000e+00 1.723282e+02 -4.763334e+01
7.443224e+01 0.000000e+00 3.038143e+01 4.405081e+01
-1.941035e+01 0.000000e+00 3.038143e+01 -4.979178e+01
3.096197e+02 0.000000e+00 2.287592e+02 8.086045e+01
1.932837e+02 0.000000e+00 2.287592e+02 -3.547558e+01
1.043704e+02 0.000000e+00 1.199193e+02 -1.554890e+01
1.350850e+02 0.000000e+00 1.199193e+02 1.516570e+01
2.762284e+02 0.000000e+00 2.761013e+02 1.271253e-01
2.769088e+02 0.000000e+00 2.761013e+02 8.074740e-01
1.955102e+02 0.000000e+00 1.455437e+02 4.996653e+01
1.059329e+02 0.000000e+00 1.455437e+02 -3.961074e+01
1.691246e+02 0.000000e+00 1.557678e+02 1.335680e+01
1.425490e+02 0.000000e+00 1.557678e+02 -1.321883e+01
1.524156e+02 0.000000e+00 1.545644e+02 -2.148804e+00
1.573187e+02 0.000000e+00 1.545644e+02 2.754329e+00
1.178069e+02 0.000000e+00 1.551225e+02 -3.731559e+01
2.002151e+02 0.000000e+00 1.551225e+02 4.509264e+01
1.326789e+02 0.000000e+00 1.297369e+02 2.941975e+00
1.279070e+02 0.000000e+00 1.297369e+02 -1.829908e+00
