-1.920088e+01 0.000000e+00 5.257948e+01 -7.178036e+01
1.197934e+02 0.000000e+00 5.257948e+01 6.721388e+01
1.114687e+02 0.000000e+00 6.845882e+01 4.300985e+01
3.935270e+01 0.000000e+00 6.845882e+01 -2.910613e+01
-2.577497e+01 0.000000e+00 9.427302e+01 -1.200480e+02
1.988942e+02 0.000000e+00 9.427302e+01 1.046212e+02
-1.545896e+01 0.000000e+00 -4.543860e+01 2.997964e+01
-7.968762e+01 0.000000e+00 -4.543860e+01 -3.424902e+01
1.094900e+02 0.000000e+00 8.612329e+01 2.336670e+01
6.114505e+01 0.000000e+00 8.612329e+01 -2.497824e+01
7.150837e+01 0.000000e+00 4.416883e+01 2.733953e+01
9.205360e+00 0.000000e+00 4.416883e+01 -3.496347e+01
5.818604e+00 0.000000e+00 -6.796366e+00 1.261497e+01
-1.939392e+01 0.000000e+00 -6.796366e+00 -1.259756e+01
1.459786e+02 0.000000e+00 1.605516e+02 -1.457300e+01
1.767057e+02 0.000000e+00 1.605516e+02 1.615408e+01
3.515122e+02 0.000000e+00 2.726039e+02 7.890836e+01
1.905587e+02 0.000000e+00 2.726039e+02 -8.204514e+01
1.247696e+02 0.000000e+00 8.578812e+01 3.898149e+01
4.746380e+01 0.000000e+00 8.578812e+01 -3.832433e+01
1.140309e+02 0.000000e+00 5.674470e+01 5.728621e+01
7.871729e+00 0.000000e+00 5.674470e+01 -4.887297e+01
1.387691e+02 0.000000e+00 1.319085e+02 6.860550e+00
1.225757e+02 0.000000e+00 1.319085e+02 -9.332809e+00
1.832574e+02 0.000000e+00 1.635095e+02 1.974792e+01
1.402921e+02 0.000000e+00 1.635095e+02 -2.321739e+01
7.001811e+01 0.000000e+00 6.617281e+01 3.845299e+00
6.200840e+01 0.000000e+00 6.617281e+01 -4.164413e+00
2.734171e+02 0.000000e+00 2.745482e+02 -1.131073e+00
2.757505e+02 0.000000e+00 2.745482e+02 1.202301e+00
9.749428e+00 0.000000e+00 6.005027e+01 -5.030085e+01
1.044404e+02 0.000000e+00 6.005027e+01 4.439012e+01
1.226039e+02 0.000000e+00 1.275412e+02 -4.937309e+00
1.336452e+02 0.000000e+00 1.275412e+02 6.104042e+00
6.557321e+01 0.000000e+00 2.916984e+01 3.640337e+01
-1.123989e+01 0.000000e+00 2.916984e+01 -4.040973e+01
2.920099e+02 0.000000e+00 1.958796e+02 9.613028e+01
1.576528e+02 0.000000e+00 1.958796e+02 -3.822681e+01
4.453961e+01 0.000000e+00 5.508110e+01 -1.054150e+01
6.733861e+01 0.000000e+00 5.508110e+01 1.225750e+01
1.408502e+02 0.000000e+00 1.021862e+02 3.866395e+01
5.429454e+01 0.000000e+00 1.021862e+02 -4.789167e+01
1.986855e+02 0.000000e+00 6.098070e+01 1.377048e+02
-9.680785e+01 0.000000e+00 6.098070e+01 -1.577885e+02
1.505692e+02 0.000000e+00 1.412170e+02 9.352219e+00
1.326487e+02 0.000000e+00 1.412170e+02 -8.568298e+00
6.948640e+01 0.000000e+00 3.248915e+01 3.699725e+01
-1.496377e+00 0.000000e+00 3.248915e+01 -3.398553e+01
5.099013e+01 0.000000e+00 1.143644e+01 3.955369e+01
-3.439145e+01 0.000000e+00 1.143644e+01 -4.582789e+01
6.778955e+02 5.426081e+02 5.426081e+02 6.778955e+02
4.449951e+02 5.426081e+02 5.426081e+02 4.449951e+02
