9.786841e+01 0.000000e+00 1.329997e+02 -3.513129e+01
1.653696e+02 0.000000e+00 1.329997e+02 3.236987e+01
7.330138e+02 6.235816e+02 6.235816e+02 7.330138e+02
5.187280e+02 6.235816e+02 6.235816e+02 5.187280e+02
8.842987e+01 0.000000e+00 6.968112e+01 1.874875e+01
5.148017e+01 0.000000e+00 6.968112e+01 -1.820095e+01
8.659908e+01 0.000000e+00 1.476693e+01 7.183215e+01
-6.893520e+01 0.000000e+00 1.476693e+01 -8.370213e+01
1.148316e+02 0.000000e+00 1.579067e+02 -4.307504e+01
2.100022e+02 0.000000e+00 1.579067e+02 5.209552e+01
1.083572e+02 0.000000e+00 6.984222e+01 3.851500e+01
3.102644e+01 0.000000e+00 6.984222e+01 -3.881578e+01
-1.438813e+02 0.000000e+00 -1.068897e+02 -3.699163e+01
-6.835780e+01 0.000000e+00 -1.068897e+02 3.853189e+01
1.191357e+02 0.000000e+00 1.577872e+02 -3.865152e+01
2.020325e+02 0.000000e+00 1.577872e+02 4.424529e+01
2.068172e+02 0.000000e+00 1.526398e+02 5.417738e+01
9.113157e+01 0.000000e+00 1.526398e+02 -6.150825e+01
9.210239e+01 0.000000e+00 7.622535e+01 1.587704e+01
5.800171e+01 0.000000e+00 7.622535e+01 -1.822364e+01
2.533631e+02 0.000000e+00 2.437752e+02 9.587830e+00
2.384024e+02 0.000000e+00 2.437752e+02 -5.372833e+00
3.304551e+02 0.000000e+00 2.448969e+02 8.555821e+01
1.753405e+02 0.000000e+00 2.448969e+02 -6.955634e+01
2.648704e+01 0.000000e+00 2.481133e+01 1.675705e+00
2.321039e+01 0.000000e+00 2.481133e+01 -1.600946e+00
2.721565e+02 0.000000e+00 2.520314e+02 2.012512e+01
2.324740e+02 0.000000e+00 2.520314e+02 -1.955734e+01
-1.147768e+01 0.000000e+00 -4.558348e-01 -1.102184e+01
8.769691e+00 0.000000e+00 -4.558348e-01 9.225526e+00
6.202087e+01 0.000000e+00 9.490162e+01 -3.288074e+01
1.243928e+02 0.000000e+00 9.490162e+01 2.949114e+01
3.357195e+02 0.000000e+00 3.442749e+02 -8.555420e+00
3.528703e+02 0.000000e+00 3.442749e+02 8.595367e+00
1.098217e+02 0.000000e+00 4.932093e+01 6.050078e+01
-3.357137e+01 0.000000e+00 4.932093e+01 -8.289230e+01
1.539586e+02 0.000000e+00 8.997114e+01 6.398748e+01
4.706311e+01 0.000000e+00 8.997114e+01 -4.290802e+01
7.007864e+01 0.000000e+00 1.398175e+02 -6.973889e+01
2.039521e+02 0.000000e+00 1.398175e+02 6.413458e+01
3.072288e+02 0.000000e+00 1.555197e+02 1.517090e+02
9.394279e+00 0.000000e+00 1.555197e+02 -1.461255e+02
7.051554e+01 0.000000e+00 -1.995564e+01 9.047118e+01
-9.873713e+01 0.000000e+00 -1.995564e+01 -7.878149e+01
1.388168e+02 0.000000e+00 9.824515e+01 4.057169e+01
4.415429e+01 0.000000e+00 9.824515e+01 -5.409086e+01
2.325815e+02 0.000000e+00 2.180313e+02 1.455017e+01
2.054033e+02 0.000000e+00 2.180313e+02 -1.262799e+01
8.659682e+01 0.000000e+00 7.668497e+00 7.892832e+01
-8.914198e+01 0.000000e+00 7.668497e+00 -9.681047e+01
1.252064e+02 0.000000e+00 3.650879e+01 8.869758e+01
-5.200840e+01 0.000000e+00 3.650879e+01 -8.851719e+01
