1.099103e+02 0.000000e+00 1.095583e+02 3.520284e-01
1.086957e+02 0.000000e+00 1.095583e+02 -8.625302e-01
2.005423e+02 0.000000e+00 1.448593e+02 5.568299e+01
9.452127e+01 0.000000e+00 1.448593e+02 -5.033805e+01
1.886363e+01 0.000000e+00 3.138707e+01 -1.252344e+01
4.203498e+01 0.000000e+00 3.138707e+01 1.064791e+01
2.006458e+02 0.000000e+00 1.593753e+02 4.127047e+01
1.111587e+02 0.000000e+00 1.593753e+02 -4.821655e+01
1.703437e+02 0.000000e+00 1.436596e+02 2.668404e+01
1.089224e+02 0.000000e+00 1.436596e+02 -3.473722e+01
1.087990e+02 0.000000e+00 9.989609e+01 8.902910e+00
9.096808e+01 0.000000e+00 9.989609e+01 -8.928014e+00
1.267921e+02 0.000000e+00 9.727445e+01 2.951760e+01
6.671712e+01 0.000000e+00 9.727445e+01 -3.055734e+01
1.039307e+02 0.000000e+00 1.161201e+02 -1.218936e+01
1.308946e+02 0.000000e+00 1.161201e+02 1.477449e+01
1.161154e+02 0.000000e+00 1.211339e+02 -5.018427e+00
1.258047e+02 0.000000e+00 1.211339e+02 4.670784e+00
1.023889e+02 0.000000e+00 1.174924e+02 -1.510345e+01
1.301179e+02 0.000000e+00 1.174924e+02 1.262551e+01
1.138700e+02 0.000000e+00 1.013566e+02 1.251340e+01
9.142255e+01 0.000000e+00 1.013566e+02 -9.934006e+00
2.325844e+02 0.000000e+00 1.827545e+02 4.982993e+01
1.282198e+02 0.000000e+00 1.827545e+02 -5.453467e+01
1.186274e+02 0.000000e+00 1.146309e+02 3.996460e+00
1.107880e+02 0.000000e+00 1.146309e+02 -3.842874e+00
1.158437e+02 0.000000e+00 1.199710e+02 -4.127310e+00
1.243981e+02 0.000000e+00 1.199710e+02 4.427105e+00
2.704372e+02 0.000000e+00 2.649187e+02 5.518548e+00
2.608554e+02 0.000000e+00 2.649187e+02 -4.063239e+00
1.809584e+02 0.000000e+00 1.547760e+02 2.618240e+01
1.297776e+02 0.000000e+00 1.547760e+02 -2.499837e+01
2.146277e+02 0.000000e+00 1.780197e+02 3.660803e+01
1.508156e+02 0.000000e+00 1.780197e+02 -2.720405e+01
7.251235e+01 0.000000e+00 3.501706e+01 3.749529e+01
-8.652546e+00 0.000000e+00 3.501706e+01 -4.366960e+01
2.017233e+02 0.000000e+00 1.199688e+02 8.175444e+01
8.123336e+01 0.000000e+00 1.199688e+02 -3.873547e+01
2.904287e+02 2.839842e+02 2.839842e+02 2.904287e+02
2.777367e+02 2.839842e+02 2.839842e+02 2.777367e+02
2.362913e+02 0.000000e+00 2.115521e+02 2.473921e+01
1.911246e+02 0.000000e+00 2.115521e+02 -2.042746e+01
1.487821e+02 0.000000e+00 1.044957e+02 4.428648e+01
6.503955e+01 0.000000e+00 1.044957e+02 -3.945610e+01
1.211096e+02 0.000000e+00 1.334215e+02 -1.231192e+01
1.496486e+02 0.000000e+00 1.334215e+02 1.622706e+01
9.694083e+01 0.000000e+00 9.528809e+01 1.652743e+00
9.367620e+01 0.000000e+00 9.528809e+01 -1.611883e+00
4.520832e+01 0.000000e+00 3.994628e+01 5.262040e+00
3.230359e+01 0.000000e+00 3.994628e+01 -7.642690e+00
1.099826e+02 0.000000e+00 9.028399e+01 1.969865e+01
6.963030e+01 0.000000e+00 9.028399e+01 -2.065370e+01
