2.502662e+02 2.454414e+02 2.454414e+02 2.502662e+02
2.407263e+02 2.454414e+02 2.454414e+02 2.407263e+02
1.950128e+02 0.000000e+00 1.257701e+02 6.924271e+01
5.869343e+01 0.000000e+00 1.257701e+02 -6.707669e+01
2.601739e+01 0.000000e+00 3.719950e+01 -1.118212e+01
4.751549e+01 0.000000e+00 3.719950e+01 1.031599e+01
1.962184e+02 0.000000e+00 1.563573e+02 3.986107e+01
1.089870e+02 0.000000e+00 1.563573e+02 -4.737030e+01
1.927722e+02 0.000000e+00 1.516557e+02 4.111647e+01
9.780422e+01 0.000000e+00 1.516557e+02 -5.385151e+01
1.220445e+02 0.000000e+00 1.093107e+02 1.273371e+01
9.601023e+01 0.000000e+00 1.093107e+02 -1.330051e+01
1.341164e+02 0.000000e+00 1.048599e+02 2.925649e+01
7.420531e+01 0.000000e+00 1.048599e+02 -3.065456e+01
8.816236e+01 0.000000e+00 9.931978e+01 -1.115741e+01
1.130101e+02 0.000000e+00 9.931978e+01 1.369037e+01
1.216900e+02 0.000000e+00 1.285633e+02 -6.873300e+00
1.362029e+02 0.000000e+00 1.285633e+02 7.639520e+00
7.612578e+01 0.000000e+00 9.545350e+01 -1.932772e+01
1.105748e+02 0.000000e+00 9.545350e+01 1.512134e+01
1.302032e+02 0.000000e+00 1.093932e+02 2.081001e+01
9.195660e+01 0.000000e+00 1.093932e+02 -1.743661e+01
2.269457e+02 0.000000e+00 1.837381e+02 4.320764e+01
1.324314e+02 0.000000e+00 1.837381e+02 -5.130670e+01
1.010880e+02 0.000000e+00 9.338111e+01 7.706902e+00
8.562565e+01 0.000000e+00 9.338111e+01 -7.755460e+00
8.591809e+01 0.000000e+00 9.085267e+01 -4.934575e+00
9.664686e+01 0.000000e+00 9.085267e+01 5.794196e+00
2.870357e+02 0.000000e+00 2.877454e+02 -7.097008e-01
2.894143e+02 0.000000e+00 2.877454e+02 1.668832e+00
1.413987e+02 0.000000e+00 1.220346e+02 1.936409e+01
1.042767e+02 0.000000e+00 1.220346e+02 -1.775787e+01
2.111441e+02 0.000000e+00 1.790514e+02 3.209269e+01
1.554443e+02 0.000000e+00 1.790514e+02 -2.360716e+01
6.960162e+01 0.000000e+00 2.853454e+01 4.106708e+01
-1.896670e+01 0.000000e+00 2.853454e+01 -4.750124e+01
1.903126e+02 0.000000e+00 1.238070e+02 6.650555e+01
9.066181e+01 0.000000e+00 1.238070e+02 -3.314524e+01
7.580988e+01 0.000000e+00 8.736917e+01 -1.155930e+01
9.944919e+01 0.000000e+00 8.736917e+01 1.208001e+01
2.322535e+02 0.000000e+00 2.072589e+02 2.499465e+01
1.854126e+02 0.000000e+00 2.072589e+02 -2.184624e+01
1.286580e+02 0.000000e+00 8.982975e+01 3.882823e+01
5.719525e+01 0.000000e+00 8.982975e+01 -3.263450e+01
1.347041e+02 0.000000e+00 1.405303e+02 -5.826205e+00
1.496616e+02 0.000000e+00 1.405303e+02 9.131335e+00
1.192445e+02 0.000000e+00 1.114431e+02 7.801405e+00
1.034041e+02 0.000000e+00 1.114431e+02 -8.038960e+00
4.006233e+01 0.000000e+00 4.110671e+01 -1.044381e+00
4.317992e+01 0.000000e+00 4.110671e+01 2.073210e+00
1.277076e+02 0.000000e+00 1.035646e+02 2.414295e+01
7.956857e+01 0.000000e+00 1.035646e+02 -2.399605e+01
