2.199403e+02 0.000000e+00 1.523663e+02 6.757397e+01
6.627642e+01 0.000000e+00 1.523663e+02 -8.608991e+01
2.930481e+02 0.000000e+00 1.770599e+02 1.159882e+02
8.045651e+01 0.000000e+00 1.770599e+02 -9.660335e+01
4.807070e+02 4.292549e+02 4.292549e+02 4.807070e+02
3.802197e+02 4.292549e+02 4.292549e+02 3.802197e+02
2.389138e+02 0.000000e+00 1.938897e+02 4.502415e+01
1.407157e+02 0.000000e+00 1.938897e+02 -5.317397e+01
2.858627e+02 0.000000e+00 2.632957e+02 2.256702e+01
2.375791e+02 0.000000e+00 2.632957e+02 -2.571663e+01
1.758448e+02 0.000000e+00 1.961529e+02 -2.030811e+01
2.114767e+02 0.000000e+00 1.961529e+02 1.532385e+01
1.892116e+02 0.000000e+00 1.542667e+02 3.494493e+01
1.149305e+02 0.000000e+00 1.542667e+02 -3.933614e+01
2.302421e+02 0.000000e+00 2.062809e+02 2.396124e+01
1.769536e+02 0.000000e+00 2.062809e+02 -2.932726e+01
3.815496e+02 0.000000e+00 3.335968e+02 4.795279e+01
2.760667e+02 0.000000e+00 3.335968e+02 -5.753012e+01
2.478770e+01 0.000000e+00 1.188747e+02 -9.408697e+01
1.847529e+02 0.000000e+00 1.188747e+02 6.587821e+01
3.648804e+02 0.000000e+00 2.576137e+02 1.072666e+02
1.809836e+02 0.000000e+00 2.576137e+02 -7.663013e+01
4.644883e+02 0.000000e+00 4.434984e+02 2.098996e+01
4.255414e+02 0.000000e+00 4.434984e+02 -1.795700e+01
3.898815e+02 0.000000e+00 4.609634e+02 -7.108197e+01
5.345065e+02 0.000000e+00 4.609634e+02 7.354303e+01
6.044548e+02 0.000000e+00 4.869824e+02 1.174724e+02
3.550219e+02 0.000000e+00 4.869824e+02 -1.319606e+02
4.409030e+02 0.000000e+00 4.558786e+02 -1.497562e+01
4.737034e+02 0.000000e+00 4.558786e+02 1.782477e+01
1.028412e+02 0.000000e+00 7.440829e+01 2.843293e+01
4.315715e+01 0.000000e+00 7.440829e+01 -3.125114e+01
3.246897e+02 0.000000e+00 2.281333e+02 9.655641e+01
1.303900e+02 0.000000e+00 2.281333e+02 -9.774329e+01
-4.082832e+01 0.000000e+00 -7.359392e+01 3.276560e+01
-1.056777e+02 0.000000e+00 -7.359392e+01 -3.208382e+01
3.268458e+02 0.000000e+00 3.472306e+02 -2.038480e+01
3.614401e+02 0.000000e+00 3.472306e+02 1.420950e+01
9.948479e+01 0.000000e+00 1.821841e+02 -8.269934e+01
2.560000e+02 0.000000e+00 1.821841e+02 7.381590e+01
4.177955e+02 0.000000e+00 3.315521e+02 8.624338e+01
2.738853e+02 0.000000e+00 3.315521e+02 -5.766684e+01
2.974239e+02 0.000000e+00 1.949258e+02 1.024981e+02
1.149999e+02 0.000000e+00 1.949258e+02 -7.992589e+01
5.460950e+02 0.000000e+00 4.078449e+02 1.382501e+02
2.874583e+02 0.000000e+00 4.078449e+02 -1.203866e+02
4.327324e+02 0.000000e+00 3.841778e+02 4.855460e+01
3.358980e+02 0.000000e+00 3.841778e+02 -4.827982e+01
1.393944e+02 0.000000e+00 1.822579e+02 -4.286354e+01
2.335329e+02 0.000000e+00 1.822579e+02 5.127495e+01
1.204230e+02 0.000000e+00 1.209313e+02 -5.082626e-01
1.215480e+02 0.000000e+00 1.209313e+02 6.167679e-01
