1.678111e+02 0.000000e+00 2.002160e+02 -3.240486e+01
2.288090e+02 0.000000e+00 2.002160e+02 2.859300e+01
3.225537e+02 0.000000e+00 3.117383e+02 1.081543e+01
3.044048e+02 0.000000e+00 3.117383e+02 -7.333527e+00
1.036530e+02 0.000000e+00 1.476697e+02 -4.401663e+01
1.792637e+02 0.000000e+00 1.476697e+02 3.159402e+01
1.608605e+02 0.000000e+00 1.228441e+02 3.801640e+01
7.171925e+01 0.000000e+00 1.228441e+02 -5.112482e+01
2.014036e+02 0.000000e+00 2.017656e+02 -3.620148e-01
2.022221e+02 0.000000e+00 2.017656e+02 4.565582e-01
1.437498e+02 0.000000e+00 2.111792e+02 -6.742941e+01
2.679370e+02 0.000000e+00 2.111792e+02 5.675775e+01
9.493163e+01 0.000000e+00 8.847261e+01 6.459023e+00
8.152232e+01 0.000000e+00 8.847261e+01 -6.950287e+00
2.480298e+02 0.000000e+00 2.684196e+02 -2.038972e+01
2.888986e+02 0.000000e+00 2.684196e+02 2.047906e+01
2.105497e+02 0.000000e+00 2.146094e+02 -4.059692e+00
2.183756e+02 0.000000e+00 2.146094e+02 3.766220e+00
1.322041e+02 0.000000e+00 1.066342e+02 2.556998e+01
8.385320e+01 0.000000e+00 1.066342e+02 -2.278096e+01
4.168652e+02 4.118987e+02 4.118987e+02 4.168652e+02
4.065375e+02 4.118987e+02 4.118987e+02 4.065375e+02
2.175123e+02 0.000000e+00 1.873419e+02 3.017043e+01
1.527805e+02 0.000000e+00 1.873419e+02 -3.456139e+01
1.041819e+02 0.000000e+00 1.188091e+02 -1.462715e+01
1.336999e+02 0.000000e+00 1.188091e+02 1.489081e+01
1.478860e+02 0.000000e+00 1.536208e+02 -5.734848e+00
1.588571e+02 0.000000e+00 1.536208e+02 5.236267e+00
5.113103e+02 0.000000e+00 5.623419e+02 -5.103152e+01
6.100755e+02 0.000000e+00 5.623419e+02 4.773364e+01
2.090291e+02 0.000000e+00 1.774612e+02 3.156789e+01
1.513747e+02 0.000000e+00 1.774612e+02 -2.608649e+01
5.480313e+01 0.000000e+00 4.525839e+01 9.544746e+00
3.320428e+01 0.000000e+00 4.525839e+01 -1.205411e+01
4.304442e+01 0.000000e+00 -4.628151e+01 8.932593e+01
-1.387024e+02 0.000000e+00 -4.628151e+01 -9.242093e+01
3.615162e+02 0.000000e+00 2.031821e+02 1.583341e+02
1.241232e+02 0.000000e+00 2.031821e+02 -7.905887e+01
9.822153e+00 0.000000e+00 5.562597e+01 -4.580382e+01
9.937247e+01 0.000000e+00 5.562597e+01 4.374651e+01
3.393477e+02 0.000000e+00 3.150849e+02 2.426276e+01
2.943554e+02 0.000000e+00 3.150849e+02 -2.072952e+01
3.978481e+02 0.000000e+00 3.125685e+02 8.527960e+01
2.607381e+02 0.000000e+00 3.125685e+02 -5.183044e+01
7.327999e+01 0.000000e+00 1.379109e+02 -6.463093e+01
2.082121e+02 0.000000e+00 1.379109e+02 7.030118e+01
9.793884e+01 0.000000e+00 1.330658e+02 -3.512699e+01
1.663844e+02 0.000000e+00 1.330658e+02 3.331860e+01
1.571858e+02 0.000000e+00 1.561765e+02 1.009262e+00
1.551839e+02 0.000000e+00 1.561765e+02 -9.925690e-01
1.503003e+02 0.000000e+00 6.218095e+01 8.811935e+01
-3.466488e+01 0.000000e+00 6.218095e+01 -9.684583e+01
