8.987676e+01 0.000000e+00 8.915427e+01 7.224892e-01
8.800318e+01 0.000000e+00 8.915427e+01 -1.151090e+00
1.782990e+02 0.000000e+00 1.129969e+02 6.530207e+01
5.225782e+01 0.000000e+00 1.129969e+02 -6.073908e+01
9.026254e+00 0.000000e+00 1.452605e+01 -5.499792e+00
1.920416e+01 0.000000e+00 1.452605e+01 4.678114e+00
1.668308e+02 0.000000e+00 1.254660e+02 4.136482e+01
7.562188e+01 0.000000e+00 1.254660e+02 -4.984414e+01
1.621773e+02 0.000000e+00 1.359066e+02 2.627070e+01
1.013399e+02 0.000000e+00 1.359066e+02 -3.456663e+01
8.073090e+01 0.000000e+00 7.467094e+01 6.059961e+00
6.853264e+01 0.000000e+00 7.467094e+01 -6.138298e+00
9.757618e+01 0.000000e+00 7.662525e+01 2.095093e+01
5.505653e+01 0.000000e+00 7.662525e+01 -2.156872e+01
7.207171e+01 0.000000e+00 8.204503e+01 -9.973320e+00
9.419222e+01 0.000000e+00 8.204503e+01 1.214718e+01
1.044105e+02 0.000000e+00 1.070461e+02 -2.635655e+00
1.101962e+02 0.000000e+00 1.070461e+02 3.150112e+00
5.570900e+01 0.000000e+00 8.160272e+01 -2.589372e+01
1.029332e+02 0.000000e+00 8.160272e+01 2.133049e+01
1.036912e+02 0.000000e+00 9.088288e+01 1.280835e+01
8.052734e+01 0.000000e+00 9.088288e+01 -1.035554e+01
1.662777e+02 0.000000e+00 1.374162e+02 2.886147e+01
1.050734e+02 0.000000e+00 1.374162e+02 -3.234281e+01
9.047748e+01 0.000000e+00 8.649151e+01 3.985962e+00
8.221971e+01 0.000000e+00 8.649151e+01 -4.271802e+00
5.068977e+01 0.000000e+00 5.842899e+01 -7.739222e+00
6.651508e+01 0.000000e+00 5.842899e+01 8.086093e+00
3.320285e+02 3.397812e+02 3.397812e+02 3.320285e+02
3.487394e+02 3.397812e+02 3.397812e+02 3.487394e+02
9.717235e+01 0.000000e+00 7.923249e+01 1.793985e+01
6.225076e+01 0.000000e+00 7.923249e+01 -1.698173e+01
1.563958e+02 0.000000e+00 1.340294e+02 2.236631e+01
1.167354e+02 0.000000e+00 1.340294e+02 -1.729406e+01
4.494131e+01 0.000000e+00 1.080197e+01 3.413934e+01
-2.808504e+01 0.000000e+00 1.080197e+01 -3.888701e+01
1.734403e+02 0.000000e+00 1.090923e+02 6.434801e+01
7.648111e+01 0.000000e+00 1.090923e+02 -3.261115e+01
5.620808e+01 0.000000e+00 6.361656e+01 -7.408478e+00
7.232559e+01 0.000000e+00 6.361656e+01 8.709035e+00
2.065205e+02 0.000000e+00 1.745798e+02 3.194065e+01
1.470231e+02 0.000000e+00 1.745798e+02 -2.755669e+01
9.235151e+01 0.000000e+00 6.058162e+01 3.176990e+01
3.252362e+01 0.000000e+00 6.058162e+01 -2.805799e+01
8.537141e+01 0.000000e+00 1.040777e+02 -1.870629e+01
1.261521e+02 0.000000e+00 1.040777e+02 2.207435e+01
8.102595e+01 0.000000e+00 8.274328e+01 -1.717330e+00
8.404802e+01 0.000000e+00 8.274328e+01 1.304743e+00
2.072318e+01 0.000000e+00 1.961038e+01 1.112808e+00
1.800739e+01 0.000000e+00 1.961038e+01 -1.602989e+00
8.606166e+01 0.000000e+00 6.422853e+01 2.183312e+01
4.158365e+01 0.000000e+00 6.422853e+01 -2.264489e+01
