2.018941e+02 0.000000e+00 1.485503e+02 5.334373e+01
1.020238e+02 0.000000e+00 1.485503e+02 -4.652654e+01
3.044732e+02 0.000000e+00 2.215576e+02 8.291556e+01
1.710584e+02 0.000000e+00 2.215576e+02 -5.049924e+01
2.080444e+02 0.000000e+00 1.879287e+02 2.011571e+01
1.751096e+02 0.000000e+00 1.879287e+02 -1.281917e+01
3.421578e+02 0.000000e+00 2.456066e+02 9.655116e+01
1.098988e+02 0.000000e+00 2.456066e+02 -1.357078e+02
2.950968e+02 0.000000e+00 2.513239e+02 4.377292e+01
2.053154e+02 0.000000e+00 2.513239e+02 -4.600847e+01
5.391208e+01 0.000000e+00 1.336047e+02 -7.969261e+01
2.152933e+02 0.000000e+00 1.336047e+02 8.168864e+01
2.548607e+02 0.000000e+00 1.970778e+02 5.778293e+01
1.274554e+02 0.000000e+00 1.970778e+02 -6.962247e+01
1.886901e+02 0.000000e+00 2.476219e+02 -5.893187e+01
3.083638e+02 0.000000e+00 2.476219e+02 6.074185e+01
1.872775e+02 0.000000e+00 1.761488e+02 1.112875e+01
1.652977e+02 0.000000e+00 1.761488e+02 -1.085106e+01
1.021112e+02 0.000000e+00 1.321926e+02 -3.008133e+01
1.513828e+02 0.000000e+00 1.321926e+02 1.919020e+01
1.245542e+02 0.000000e+00 1.396683e+02 -1.511401e+01
1.552594e+02 0.000000e+00 1.396683e+02 1.559114e+01
2.436063e+02 0.000000e+00 2.270901e+02 1.651617e+01
2.097784e+02 0.000000e+00 2.270901e+02 -1.731178e+01
2.460543e+02 0.000000e+00 3.053010e+02 -5.924667e+01
3.657654e+02 0.000000e+00 3.053010e+02 6.046442e+01
2.558416e+02 0.000000e+00 2.196722e+02 3.616940e+01
1.833423e+02 0.000000e+00 2.196722e+02 -3.632985e+01
4.182177e+02 0.000000e+00 4.292440e+02 -1.102631e+01
4.439828e+02 0.000000e+00 4.292440e+02 1.473877e+01
1.743963e+02 0.000000e+00 1.434004e+02 3.099588e+01
1.050560e+02 0.000000e+00 1.434004e+02 -3.834439e+01
4.653785e+02 0.000000e+00 4.467816e+02 1.859689e+01
4.275396e+02 0.000000e+00 4.467816e+02 -1.924194e+01
2.046929e+02 0.000000e+00 1.531823e+02 5.151053e+01
9.035198e+01 0.000000e+00 1.531823e+02 -6.283036e+01
3.429425e+02 0.000000e+00 2.826561e+02 6.028638e+01
2.544392e+02 0.000000e+00 2.826561e+02 -2.821692e+01
-1.392598e+01 0.000000e+00 -4.857045e+00 -9.068938e+00
4.488337e+00 0.000000e+00 -4.857045e+00 9.345382e+00
4.581298e+02 0.000000e+00 5.743939e+02 -1.162640e+02
6.698660e+02 0.000000e+00 5.743939e+02 9.547217e+01
5.362985e+02 5.147628e+02 5.147628e+02 5.362985e+02
4.917502e+02 5.147628e+02 5.147628e+02 4.917502e+02
1.886838e+02 0.000000e+00 1.791301e+02 9.553696e+00
1.675120e+02 0.000000e+00 1.791301e+02 -1.161806e+01
3.140286e+02 0.000000e+00 2.936093e+02 2.041934e+01
2.687062e+02 0.000000e+00 2.936093e+02 -2.490308e+01
2.446996e+02 0.000000e+00 2.525813e+02 -7.881729e+00
2.641942e+02 0.000000e+00 2.525813e+02 1.161287e+01
1.810876e+02 0.000000e+00 1.372914e+02 4.379616e+01
9.021254e+01 0.000000e+00 1.372914e+02 -4.707887e+01
