1.201700e+02 0.000000e+00 1.248865e+02 -4.716522e+00
1.290647e+02 0.000000e+00 1.248865e+02 4.178116e+00
2.495227e+02 0.000000e+00 1.500913e+02 9.943138e+01
5.484555e+01 0.000000e+00 1.500913e+02 -9.524574e+01
-3.440481e+01 0.000000e+00 -2.738714e+01 -7.017673e+00
-2.118819e+01 0.000000e+00 -2.738714e+01 6.198944e+00
1.194017e+02 0.000000e+00 4.951741e+01 6.988430e+01
-3.691091e+01 0.000000e+00 4.951741e+01 -8.642832e+01
1.181679e+02 0.000000e+00 9.819586e+01 1.997199e+01
7.489137e+01 0.000000e+00 9.819586e+01 -2.330450e+01
1.105963e+02 0.000000e+00 6.979237e+01 4.080392e+01
4.226172e+01 0.000000e+00 6.979237e+01 -2.753064e+01
1.409457e+02 0.000000e+00 1.182733e+02 2.267239e+01
9.579350e+01 0.000000e+00 1.182733e+02 -2.247978e+01
3.286315e+02 4.524147e+02 4.524147e+02 3.286315e+02
5.608759e+02 4.524147e+02 4.524147e+02 5.608759e+02
1.906785e+02 0.000000e+00 1.811900e+02 9.488571e+00
1.727988e+02 0.000000e+00 1.811900e+02 -8.391144e+00
2.561794e+00 0.000000e+00 3.413769e+01 -3.157589e+01
6.401127e+01 0.000000e+00 3.413769e+01 2.987358e+01
1.322596e+02 0.000000e+00 8.021838e+01 5.204120e+01
4.151472e+01 0.000000e+00 8.021838e+01 -3.870367e+01
-7.408512e+01 0.000000e+00 -4.389812e+01 -3.018700e+01
-1.431063e+01 0.000000e+00 -4.389812e+01 2.958749e+01
1.881235e+02 0.000000e+00 2.288470e+02 -4.072354e+01
2.657487e+02 0.000000e+00 2.288470e+02 3.690167e+01
1.626817e+02 0.000000e+00 1.508977e+02 1.178404e+01
1.381650e+02 0.000000e+00 1.508977e+02 -1.273268e+01
2.877474e+02 0.000000e+00 3.144840e+02 -2.673654e+01
3.458410e+02 0.000000e+00 3.144840e+02 3.135703e+01
1.300567e+02 0.000000e+00 7.680789e+01 5.324881e+01
2.501292e+01 0.000000e+00 7.680789e+01 -5.179497e+01
3.043826e+02 0.000000e+00 2.159902e+02 8.839243e+01
1.361700e+02 0.000000e+00 2.159902e+02 -7.982021e+01
8.795081e+01 0.000000e+00 7.141946e+01 1.653134e+01
5.834586e+01 0.000000e+00 7.141946e+01 -1.307361e+01
1.528877e+02 0.000000e+00 1.126729e+02 4.021478e+01
8.547060e+01 0.000000e+00 1.126729e+02 -2.720234e+01
1.524669e+01 0.000000e+00 5.256157e+01 -3.731487e+01
9.218149e+01 0.000000e+00 5.256157e+01 3.961992e+01
2.251404e+02 0.000000e+00 2.230207e+02 2.119644e+00
2.206155e+02 0.000000e+00 2.230207e+02 -2.405273e+00
2.049638e+02 0.000000e+00 1.296195e+02 7.534430e+01
6.650581e+01 0.000000e+00 1.296195e+02 -6.311369e+01
5.227523e+01 0.000000e+00 1.137933e+02 -6.151804e+01
2.017308e+02 0.000000e+00 1.137933e+02 8.793755e+01
3.601091e+01 0.000000e+00 4.559834e+01 -9.587429e+00
5.621414e+01 0.000000e+00 4.559834e+01 1.061580e+01
6.555742e+01 0.000000e+00 7.780988e+01 -1.225246e+01
9.117797e+01 0.000000e+00 7.780988e+01 1.336809e+01
6.223937e+01 0.000000e+00 1.218115e+02 -5.957210e+01
1.938718e+02 0.000000e+00 1.218115e+02 7.206036e+01
