1.371098e+02 0.000000e+00 1.256362e+02 1.147363e+01
1.130355e+02 0.000000e+00 1.256362e+02 -1.260073e+01
2.222436e+02 0.000000e+00 1.542380e+02 6.800560e+01
9.196879e+01 0.000000e+00 1.542380e+02 -6.226921e+01
6.299259e+01 0.000000e+00 5.755235e+01 5.440237e+00
5.320360e+01 0.000000e+00 5.755235e+01 -4.348753e+00
2.338131e+02 0.000000e+00 1.710840e+02 6.272903e+01
9.429496e+01 0.000000e+00 1.710840e+02 -7.678908e+01
2.066995e+02 0.000000e+00 1.716742e+02 3.502536e+01
1.271494e+02 0.000000e+00 1.716742e+02 -4.452473e+01
1.536907e+02 0.000000e+00 1.379264e+02 1.576433e+01
1.225035e+02 0.000000e+00 1.379264e+02 -1.542291e+01
1.183086e+02 0.000000e+00 9.823991e+01 2.006869e+01
7.735690e+01 0.000000e+00 9.823991e+01 -2.088301e+01
8.230219e+01 0.000000e+00 9.368792e+01 -1.138573e+01
1.076435e+02 0.000000e+00 9.368792e+01 1.395554e+01
1.596113e+02 0.000000e+00 1.535870e+02 6.024313e+00
1.484555e+02 0.000000e+00 1.535870e+02 -5.131483e+00
9.553069e+01 0.000000e+00 1.171192e+02 -2.158855e+01
1.346226e+02 0.000000e+00 1.171192e+02 1.750340e+01
1.427122e+02 0.000000e+00 1.255866e+02 1.712563e+01
1.112959e+02 0.000000e+00 1.255866e+02 -1.429062e+01
2.522167e+02 0.000000e+00 2.183680e+02 3.384871e+01
1.824999e+02 0.000000e+00 2.183680e+02 -3.586812e+01
1.310141e+02 0.000000e+00 1.284503e+02 2.563853e+00
1.253395e+02 0.000000e+00 1.284503e+02 -3.110781e+00
1.266709e+02 0.000000e+00 1.369227e+02 -1.025177e+01
1.478141e+02 0.000000e+00 1.369227e+02 1.089145e+01
3.039664e+02 0.000000e+00 3.046851e+02 -7.187149e-01
3.070212e+02 0.000000e+00 3.046851e+02 2.336109e+00
1.389073e+02 0.000000e+00 1.207361e+02 1.817117e+01
1.035105e+02 0.000000e+00 1.207361e+02 -1.722563e+01
1.996909e+02 0.000000e+00 1.804599e+02 1.923104e+01
1.654230e+02 0.000000e+00 1.804599e+02 -1.503689e+01
1.261098e+02 0.000000e+00 7.393493e+01 5.217491e+01
1.423208e+01 0.000000e+00 7.393493e+01 -5.970284e+01
1.857187e+02 0.000000e+00 1.440595e+02 4.165916e+01
1.185418e+02 0.000000e+00 1.440595e+02 -2.551774e+01
8.554383e+01 0.000000e+00 9.926932e+01 -1.372549e+01
1.158224e+02 0.000000e+00 9.926932e+01 1.655310e+01
2.312232e+02 0.000000e+00 1.978654e+02 3.335786e+01
1.701325e+02 0.000000e+00 1.978654e+02 -2.773288e+01
1.611205e+02 0.000000e+00 1.104299e+02 5.069060e+01
6.756216e+01 0.000000e+00 1.104299e+02 -4.286777e+01
1.255536e+02 0.000000e+00 1.354797e+02 -9.926144e+00
1.488490e+02 0.000000e+00 1.354797e+02 1.336927e+01
2.775116e+02 2.669736e+02 2.669736e+02 2.775116e+02
2.531747e+02 2.669736e+02 2.669736e+02 2.531747e+02
4.795618e+01 0.000000e+00 6.333942e+01 -1.538325e+01
8.359509e+01 0.000000e+00 6.333942e+01 2.025566e+01
1.176385e+02 0.000000e+00 9.941319e+01 1.822531e+01
8.072567e+01 0.000000e+00 9.941319e+01 -1.868752e+01
