1.106131e+02 0.000000e+00 1.048476e+02 5.765527e+00
9.838496e+01 0.000000e+00 1.048476e+02 -6.462617e+00
2.234475e+02 0.000000e+00 1.560331e+02 6.741443e+01
9.390733e+01 0.000000e+00 1.560331e+02 -6.212575e+01
5.251136e+01 0.000000e+00 6.122000e+01 -8.708636e+00
6.907894e+01 0.000000e+00 6.122000e+01 7.858940e+00
1.758856e+02 0.000000e+00 1.258294e+02 5.005622e+01
6.391512e+01 0.000000e+00 1.258294e+02 -6.191424e+01
2.263526e+02 0.000000e+00 1.962599e+02 3.009270e+01
1.577002e+02 0.000000e+00 1.962599e+02 -3.855963e+01
1.256653e+02 0.000000e+00 1.180072e+02 7.658110e+00
1.097197e+02 0.000000e+00 1.180072e+02 -8.287526e+00
1.068371e+02 0.000000e+00 8.257882e+01 2.425831e+01
5.751695e+01 0.000000e+00 8.257882e+01 -2.506187e+01
9.621388e+01 0.000000e+00 1.104281e+02 -1.421426e+01
1.269074e+02 0.000000e+00 1.104281e+02 1.647927e+01
1.300023e+02 0.000000e+00 1.284919e+02 1.510475e+00
1.278776e+02 0.000000e+00 1.284919e+02 -6.142904e-01
8.729457e+01 0.000000e+00 1.009713e+02 -1.367672e+01
1.116515e+02 0.000000e+00 1.009713e+02 1.068021e+01
1.369749e+02 0.000000e+00 1.170270e+02 1.994795e+01
9.934689e+01 0.000000e+00 1.170270e+02 -1.768006e+01
1.860271e+02 0.000000e+00 1.567191e+02 2.930795e+01
1.241982e+02 0.000000e+00 1.567191e+02 -3.252098e+01
1.167634e+02 0.000000e+00 1.146856e+02 2.077727e+00
1.122570e+02 0.000000e+00 1.146856e+02 -2.428590e+00
1.140011e+02 0.000000e+00 1.205440e+02 -6.542970e+00
1.279306e+02 0.000000e+00 1.205440e+02 7.386534e+00
2.803754e+02 0.000000e+00 2.846649e+02 -4.289436e+00
2.903021e+02 0.000000e+00 2.846649e+02 5.637249e+00
1.082560e+02 0.000000e+00 9.583710e+01 1.241891e+01
8.377790e+01 0.000000e+00 9.583710e+01 -1.205919e+01
1.702638e+02 0.000000e+00 1.496839e+02 2.057988e+01
1.319775e+02 0.000000e+00 1.496839e+02 -1.770644e+01
6.008055e+01 0.000000e+00 2.831653e+01 3.176402e+01
-9.255473e+00 0.000000e+00 2.831653e+01 -3.757200e+01
3.379186e+02 2.668635e+02 2.668635e+02 3.379186e+02
2.320861e+02 2.668635e+02 2.668635e+02 2.320861e+02
8.314004e+01 0.000000e+00 8.865746e+01 -5.517422e+00
9.529831e+01 0.000000e+00 8.865746e+01 6.640853e+00
1.912480e+02 0.000000e+00 1.644470e+02 2.680103e+01
1.402287e+02 0.000000e+00 1.644470e+02 -2.421828e+01
1.359476e+02 0.000000e+00 9.509951e+01 4.084807e+01
6.067907e+01 0.000000e+00 9.509951e+01 -3.442044e+01
9.045282e+01 0.000000e+00 1.052087e+02 -1.475592e+01
1.229066e+02 0.000000e+00 1.052087e+02 1.769788e+01
8.430623e+01 0.000000e+00 9.315776e+01 -8.851538e+00
1.019710e+02 0.000000e+00 9.315776e+01 8.813238e+00
6.599644e+01 0.000000e+00 6.614574e+01 -1.492994e-01
6.516904e+01 0.000000e+00 6.614574e+01 -9.767038e-01
1.038044e+02 0.000000e+00 8.436360e+01 1.944075e+01
6.444367e+01 0.000000e+00 8.436360e+01 -1.991993e+01
