1.311443e+02 0.000000e+00 1.230965e+02 8.047857e+00
1.158975e+02 0.000000e+00 1.230965e+02 -7.198962e+00
2.000919e+02 0.000000e+00 1.333355e+02 6.675641e+01
7.010854e+01 0.000000e+00 1.333355e+02 -6.322692e+01
3.149563e+01 0.000000e+00 3.880811e+01 -7.312478e+00
4.505369e+01 0.000000e+00 3.880811e+01 6.245578e+00
2.227236e+02 0.000000e+00 1.784876e+02 4.423603e+01
1.246256e+02 0.000000e+00 1.784876e+02 -5.386200e+01
1.884492e+02 0.000000e+00 1.494758e+02 3.897333e+01
1.004837e+02 0.000000e+00 1.494758e+02 -4.899215e+01
1.205390e+02 0.000000e+00 1.092191e+02 1.131987e+01
9.682982e+01 0.000000e+00 1.092191e+02 -1.238927e+01
1.505951e+02 0.000000e+00 1.176984e+02 3.289670e+01
8.368257e+01 0.000000e+00 1.176984e+02 -3.401586e+01
1.050648e+02 0.000000e+00 1.147823e+02 -9.717500e+00
1.266684e+02 0.000000e+00 1.147823e+02 1.188603e+01
1.297668e+02 0.000000e+00 1.366932e+02 -6.926401e+00
1.435230e+02 0.000000e+00 1.366932e+02 6.829795e+00
7.661275e+01 0.000000e+00 9.606600e+01 -1.945325e+01
1.124680e+02 0.000000e+00 9.606600e+01 1.640201e+01
1.356291e+02 0.000000e+00 1.217958e+02 1.383331e+01
1.104112e+02 0.000000e+00 1.217958e+02 -1.138458e+01
2.524180e+02 0.000000e+00 2.015034e+02 5.091466e+01
1.417180e+02 0.000000e+00 2.015034e+02 -5.978535e+01
1.282384e+02 0.000000e+00 1.152744e+02 1.296406e+01
1.020367e+02 0.000000e+00 1.152744e+02 -1.323765e+01
9.515110e+01 0.000000e+00 1.000996e+02 -4.948476e+00
1.050215e+02 0.000000e+00 1.000996e+02 4.921975e+00
2.794741e+02 0.000000e+00 2.823765e+02 -2.902409e+00
2.867829e+02 0.000000e+00 2.823765e+02 4.406337e+00
1.340945e+02 0.000000e+00 1.133295e+02 2.076506e+01
9.394044e+01 0.000000e+00 1.133295e+02 -1.938902e+01
2.053447e+02 0.000000e+00 1.717499e+02 3.359481e+01
1.489178e+02 0.000000e+00 1.717499e+02 -2.283211e+01
9.122779e+01 0.000000e+00 5.018911e+01 4.103869e+01
4.315343e+00 0.000000e+00 5.018911e+01 -4.587376e+01
1.720540e+02 0.000000e+00 1.145980e+02 5.745605e+01
8.478060e+01 0.000000e+00 1.145980e+02 -2.981738e+01
7.720701e+01 0.000000e+00 8.907117e+01 -1.186416e+01
1.017485e+02 0.000000e+00 8.907117e+01 1.267738e+01
2.213297e+02 0.000000e+00 1.982008e+02 2.312886e+01
1.766489e+02 0.000000e+00 1.982008e+02 -2.155192e+01
1.383820e+02 0.000000e+00 9.295881e+01 4.542321e+01
5.388921e+01 0.000000e+00 9.295881e+01 -3.906960e+01
2.669354e+02 2.620924e+02 2.620924e+02 2.669354e+02
2.593732e+02 2.620924e+02 2.620924e+02 2.593732e+02
1.206816e+02 0.000000e+00 1.137838e+02 6.897811e+00
1.066924e+02 0.000000e+00 1.137838e+02 -7.091402e+00
3.439569e+01 0.000000e+00 3.815275e+01 -3.757066e+00
4.429047e+01 0.000000e+00 3.815275e+01 6.137714e+00
1.138188e+02 0.000000e+00 9.260526e+01 2.121355e+01
7.147061e+01 0.000000e+00 9.260526e+01 -2.113465e+01
