1.698442e+02 0.000000e+00 1.126818e+02 5.716244e+01
5.244394e+01 0.000000e+00 1.126818e+02 -6.023787e+01
2.833368e+02 0.000000e+00 1.777484e+02 1.055884e+02
9.601567e+01 0.000000e+00 1.777484e+02 -8.173274e+01
-2.650497e+01 0.000000e+00 1.115290e+01 -3.765787e+01
4.237241e+01 0.000000e+00 1.115290e+01 3.121951e+01
4.264559e+02 0.000000e+00 3.259814e+02 1.004745e+02
1.588197e+02 0.000000e+00 3.259814e+02 -1.671617e+02
1.232586e+02 0.000000e+00 1.053924e+02 1.786610e+01
7.785303e+01 0.000000e+00 1.053924e+02 -2.753941e+01
2.746936e+02 0.000000e+00 1.985616e+02 7.613200e+01
1.299892e+02 0.000000e+00 1.985616e+02 -6.857242e+01
1.715172e+02 0.000000e+00 1.041023e+02 6.741492e+01
2.919294e+01 0.000000e+00 1.041023e+02 -7.490932e+01
1.675444e+02 0.000000e+00 1.620443e+02 5.500153e+00
1.557748e+02 0.000000e+00 1.620443e+02 -6.269485e+00
1.152567e+02 0.000000e+00 1.665959e+02 -5.133925e+01
2.215670e+02 0.000000e+00 1.665959e+02 5.497108e+01
1.077136e+02 0.000000e+00 1.282150e+02 -2.050140e+01
1.461247e+02 0.000000e+00 1.282150e+02 1.790968e+01
1.279126e+02 0.000000e+00 1.334737e+02 -5.561150e+00
1.391020e+02 0.000000e+00 1.334737e+02 5.628250e+00
2.237873e+02 0.000000e+00 2.253077e+02 -1.520432e+00
2.278931e+02 0.000000e+00 2.253077e+02 2.585373e+00
6.839080e+01 0.000000e+00 6.735414e+01 1.036659e+00
6.637913e+01 0.000000e+00 6.735414e+01 -9.750137e-01
5.899661e+01 0.000000e+00 1.188659e+02 -5.986930e+01
2.117573e+02 0.000000e+00 1.188659e+02 9.289135e+01
2.830616e+02 0.000000e+00 3.900886e+02 -1.070269e+02
5.268679e+02 0.000000e+00 3.900886e+02 1.367793e+02
9.970105e+02 8.878342e+02 8.878342e+02 9.970105e+02
7.734861e+02 8.878342e+02 8.878342e+02 7.734861e+02
3.045601e+02 0.000000e+00 2.311018e+02 7.345833e+01
1.722230e+02 0.000000e+00 2.311018e+02 -5.887875e+01
4.633094e+02 0.000000e+00 5.057713e+02 -4.246185e+01
5.825515e+02 0.000000e+00 5.057713e+02 7.678021e+01
1.479881e+02 0.000000e+00 2.406845e+02 -9.269637e+01
2.998804e+02 0.000000e+00 2.406845e+02 5.919594e+01
8.766155e+01 0.000000e+00 9.179076e+01 -4.129204e+00
9.541738e+01 0.000000e+00 9.179076e+01 3.626625e+00
4.202483e+01 0.000000e+00 1.561460e+02 -1.141211e+02
2.417972e+02 0.000000e+00 1.561460e+02 8.565121e+01
1.829442e+02 0.000000e+00 1.277628e+02 5.518139e+01
7.747868e+01 0.000000e+00 1.277628e+02 -5.028414e+01
2.701230e+01 0.000000e+00 5.828666e+01 -3.127436e+01
9.605859e+01 0.000000e+00 5.828666e+01 3.777193e+01
1.845729e+02 0.000000e+00 2.023552e+02 -1.778230e+01
2.219639e+02 0.000000e+00 2.023552e+02 1.960876e+01
7.506964e+01 0.000000e+00 5.253770e+01 2.253194e+01
2.426131e+01 0.000000e+00 5.253770e+01 -2.827639e+01
1.664957e+02 0.000000e+00 1.125032e+02 5.399248e+01
4.635307e+01 0.000000e+00 1.125032e+02 -6.615016e+01
