1.080156e+02 0.000000e+00 9.959470e+01 8.420899e+00
9.097552e+01 0.000000e+00 9.959470e+01 -8.619176e+00
2.351023e+02 0.000000e+00 1.687343e+02 6.636792e+01
1.094818e+02 0.000000e+00 1.687343e+02 -5.925252e+01
5.961078e+01 0.000000e+00 6.117338e+01 -1.562606e+00
6.211343e+01 0.000000e+00 6.117338e+01 9.400479e-01
2.407235e+02 0.000000e+00 1.874010e+02 5.332254e+01
1.212240e+02 0.000000e+00 1.874010e+02 -6.617701e+01
1.813168e+02 0.000000e+00 1.614432e+02 1.987368e+01
1.360100e+02 0.000000e+00 1.614432e+02 -2.543317e+01
1.415809e+02 0.000000e+00 1.247889e+02 1.679191e+01
1.071402e+02 0.000000e+00 1.247889e+02 -1.764877e+01
1.291774e+02 0.000000e+00 1.046222e+02 2.455522e+01
7.908116e+01 0.000000e+00 1.046222e+02 -2.554101e+01
1.215880e+02 0.000000e+00 1.357985e+02 -1.421042e+01
1.527716e+02 0.000000e+00 1.357985e+02 1.697318e+01
1.479801e+02 0.000000e+00 1.450432e+02 2.936973e+00
1.428426e+02 0.000000e+00 1.450432e+02 -2.200539e+00
2.115368e+02 2.380844e+02 2.380844e+02 2.115368e+02
2.581280e+02 2.380844e+02 2.380844e+02 2.581280e+02
1.462922e+02 0.000000e+00 1.303286e+02 1.596362e+01
1.162509e+02 0.000000e+00 1.303286e+02 -1.407770e+01
2.463370e+02 0.000000e+00 2.130898e+02 3.324721e+01
1.779358e+02 0.000000e+00 2.130898e+02 -3.515401e+01
1.520630e+02 0.000000e+00 1.505274e+02 1.535603e+00
1.493564e+02 0.000000e+00 1.505274e+02 -1.170926e+00
1.214541e+02 0.000000e+00 1.365319e+02 -1.507779e+01
1.527005e+02 0.000000e+00 1.365319e+02 1.616865e+01
2.828093e+02 0.000000e+00 2.826133e+02 1.959573e-01
2.847062e+02 0.000000e+00 2.826133e+02 2.092915e+00
1.452708e+02 0.000000e+00 1.247161e+02 2.055471e+01
1.053210e+02 0.000000e+00 1.247161e+02 -1.939509e+01
2.217327e+02 0.000000e+00 1.958101e+02 2.592261e+01
1.759969e+02 0.000000e+00 1.958101e+02 -1.981313e+01
1.277928e+02 0.000000e+00 7.339491e+01 5.439787e+01
1.134097e+01 0.000000e+00 7.339491e+01 -6.205394e+01
2.158343e+02 0.000000e+00 1.450977e+02 7.073664e+01
1.143799e+02 0.000000e+00 1.450977e+02 -3.071773e+01
1.116078e+02 0.000000e+00 1.145559e+02 -2.948082e+00
1.181514e+02 0.000000e+00 1.145559e+02 3.595475e+00
2.488281e+02 0.000000e+00 2.176369e+02 3.119116e+01
1.906129e+02 0.000000e+00 2.176369e+02 -2.702405e+01
1.480147e+02 0.000000e+00 1.136385e+02 3.437619e+01
8.458480e+01 0.000000e+00 1.136385e+02 -2.905366e+01
1.164663e+02 0.000000e+00 1.257495e+02 -9.283220e+00
1.374603e+02 0.000000e+00 1.257495e+02 1.171083e+01
1.152875e+02 0.000000e+00 1.162204e+02 -9.328585e-01
1.165765e+02 0.000000e+00 1.162204e+02 3.560564e-01
5.690880e+01 0.000000e+00 5.693295e+01 -2.415026e-02
5.742688e+01 0.000000e+00 5.693295e+01 4.939303e-01
1.265372e+02 0.000000e+00 1.105546e+02 1.598264e+01
9.450177e+01 0.000000e+00 1.105546e+02 -1.605283e+01
