6.884318e+02 7.173810e+02 7.173810e+02 6.884318e+02
7.497790e+02 7.173810e+02 7.173810e+02 7.497790e+02
-2.740631e-01 0.000000e+00 6.026687e+00 -6.300750e+00
1.426714e+01 0.000000e+00 6.026687e+00 8.240449e+00
-1.377704e+02 0.000000e+00 -1.533638e+02 1.559341e+01
-1.651858e+02 0.000000e+00 -1.533638e+02 -1.182199e+01
-2.498091e+02 0.000000e+00 -6.611560e+01 -1.836935e+02
5.841408e+01 0.000000e+00 -6.611560e+01 1.245297e+02
1.419351e+02 0.000000e+00 6.226018e+01 7.967496e+01
-3.758173e+01 0.000000e+00 6.226018e+01 -9.984190e+01
1.682369e+02 0.000000e+00 1.327032e+02 3.553371e+01
9.331554e+01 0.000000e+00 1.327032e+02 -3.938766e+01
2.770941e+02 0.000000e+00 2.345131e+02 4.258104e+01
1.903912e+02 0.000000e+00 2.345131e+02 -4.412184e+01
-1.251655e+02 0.000000e+00 -1.362045e+02 1.103894e+01
-1.500881e+02 0.000000e+00 -1.362045e+02 -1.388365e+01
9.591845e+01 0.000000e+00 2.033731e+02 -1.074547e+02
2.946994e+02 0.000000e+00 2.033731e+02 9.132626e+01
-1.202833e+01 0.000000e+00 -2.614043e+01 1.411210e+01
-3.976878e+01 0.000000e+00 -2.614043e+01 -1.362835e+01
8.927377e+01 0.000000e+00 2.359366e+01 6.568011e+01
-3.090466e+01 0.000000e+00 2.359366e+01 -5.449833e+01
2.788841e+02 0.000000e+00 2.125842e+02 6.629987e+01
1.469359e+02 0.000000e+00 2.125842e+02 -6.564828e+01
-1.960937e+01 0.000000e+00 4.151073e+01 -6.112010e+01
1.062337e+02 0.000000e+00 4.151073e+01 6.472297e+01
7.186843e+01 0.000000e+00 4.698056e+01 2.488787e+01
1.889920e+01 0.000000e+00 4.698056e+01 -2.808136e+01
8.520271e+00 0.000000e+00 4.880502e+01 -4.028475e+01
9.074965e+01 0.000000e+00 4.880502e+01 4.194463e+01
1.577296e+02 0.000000e+00 2.362448e+01 1.341051e+02
-1.069139e+02 0.000000e+00 2.362448e+01 -1.305384e+02
1.926040e+02 0.000000e+00 1.200791e+02 7.252493e+01
5.352498e+01 0.000000e+00 1.200791e+02 -6.655413e+01
-1.428548e+01 0.000000e+00 -9.540635e+01 8.112087e+01
-1.739949e+02 0.000000e+00 -9.540635e+01 -7.858858e+01
2.099800e+02 0.000000e+00 1.302615e+02 7.971851e+01
8.438228e+01 0.000000e+00 1.302615e+02 -4.587926e+01
5.720937e+00 0.000000e+00 3.232714e+01 -2.660620e+01
5.947929e+01 0.000000e+00 3.232714e+01 2.715216e+01
-1.137911e+02 0.000000e+00 1.608854e+02 -2.746765e+02
3.209362e+02 0.000000e+00 1.608854e+02 1.600508e+02
-7.302676e+01 0.000000e+00 -1.014603e+02 2.843354e+01
-1.280691e+02 0.000000e+00 -1.014603e+02 -2.660880e+01
1.132581e+02 0.000000e+00 1.207871e+02 -7.528999e+00
1.270070e+02 0.000000e+00 1.207871e+02 6.219917e+00
9.249179e+01 0.000000e+00 3.386656e+01 5.862523e+01
-3.651260e+01 0.000000e+00 3.386656e+01 -7.037916e+01
-8.501759e+00 0.000000e+00 -2.691096e+01 1.840920e+01
-4.988464e+01 0.000000e+00 -2.691096e+01 -2.297369e+01
3.827863e+01 0.000000e+00 2.473239e+01 1.354624e+01
1.180453e+01 0.000000e+00 2.473239e+01 -1.292786e+01
