-3.529219e+01 0.000000e+00 -3.030869e+01 -4.983501e+00
-2.489006e+01 0.000000e+00 -3.030869e+01 5.418631e+00
1.810994e+02 0.000000e+00 1.390894e+02 4.201004e+01
9.247664e+01 0.000000e+00 1.390894e+02 -4.661273e+01
-1.246113e+00 0.000000e+00 -5.102006e+01 4.977395e+01
-8.460250e+01 0.000000e+00 -5.102006e+01 -3.358244e+01
1.580800e+02 0.000000e+00 1.361594e+02 2.192055e+01
1.179720e+02 0.000000e+00 1.361594e+02 -1.818746e+01
1.205880e+02 0.000000e+00 1.228203e+02 -2.232277e+00
1.256412e+02 0.000000e+00 1.228203e+02 2.820984e+00
4.972038e+00 0.000000e+00 1.110790e+01 -6.135865e+00
1.904826e+01 0.000000e+00 1.110790e+01 7.940360e+00
-1.164566e+01 0.000000e+00 -1.598816e+01 4.342503e+00
-2.036212e+01 0.000000e+00 -1.598816e+01 -4.373960e+00
8.346808e+01 0.000000e+00 6.489429e+01 1.857378e+01
4.689039e+01 0.000000e+00 6.489429e+01 -1.800390e+01
4.030630e+01 0.000000e+00 2.549691e+01 1.480939e+01
1.329238e+01 0.000000e+00 2.549691e+01 -1.220453e+01
4.827383e+01 0.000000e+00 2.193450e+01 2.633932e+01
8.104239e-01 0.000000e+00 2.193450e+01 -2.112408e+01
3.673411e+01 0.000000e+00 1.016043e+02 -6.487017e+01
1.397284e+02 0.000000e+00 1.016043e+02 3.812411e+01
4.368204e+01 0.000000e+00 6.401229e-01 4.304192e+01
-6.059959e+01 0.000000e+00 6.401229e-01 -6.123971e+01
1.285831e+02 0.000000e+00 1.096610e+02 1.892201e+01
9.015746e+01 0.000000e+00 1.096610e+02 -1.950359e+01
7.713611e+01 0.000000e+00 7.719496e+01 -5.885315e-02
7.725832e+01 0.000000e+00 7.719496e+01 6.335449e-02
1.458626e+02 0.000000e+00 8.668621e+01 5.917637e+01
3.601834e+01 0.000000e+00 8.668621e+01 -5.066787e+01
5.505130e+02 0.000000e+00 4.761706e+02 7.434241e+01
4.153864e+02 0.000000e+00 4.761706e+02 -6.078424e+01
7.850251e+01 0.000000e+00 1.491569e+02 -7.065441e+01
2.108758e+02 0.000000e+00 1.491569e+02 6.171884e+01
1.474804e+02 0.000000e+00 6.783704e+01 7.964339e+01
-2.295364e+01 0.000000e+00 6.783704e+01 -9.079068e+01
-3.624798e+00 0.000000e+00 6.296478e+01 -6.658958e+01
9.962873e+01 0.000000e+00 6.296478e+01 3.666395e+01
8.894152e+02 8.521772e+02 8.521772e+02 8.894152e+02
8.052731e+02 8.521772e+02 8.521772e+02 8.052731e+02
-1.599596e+01 0.000000e+00 4.373641e+00 -2.036960e+01
3.442253e+01 0.000000e+00 4.373641e+00 3.004889e+01
2.027978e+02 0.000000e+00 1.359226e+02 6.687515e+01
9.138162e+01 0.000000e+00 1.359226e+02 -4.454099e+01
2.631659e+01 0.000000e+00 6.638481e+01 -4.006822e+01
1.030716e+02 0.000000e+00 6.638481e+01 3.668683e+01
7.407201e+01 0.000000e+00 5.660205e+01 1.746995e+01
3.867076e+01 0.000000e+00 5.660205e+01 -1.793129e+01
9.247672e+01 0.000000e+00 4.698491e+01 4.549180e+01
-2.094041e+01 0.000000e+00 4.698491e+01 -6.792532e+01
6.324581e+01 0.000000e+00 5.314875e+01 1.009706e+01
4.211202e+01 0.000000e+00 5.314875e+01 -1.103672e+01
