4.524677e+01 0.000000e+00 -2.324716e+01 6.849393e+01
-9.361277e+01 0.000000e+00 -2.324716e+01 -7.036561e+01
1.736032e+02 0.000000e+00 1.127564e+02 6.084682e+01
6.520997e+01 0.000000e+00 1.127564e+02 -4.754643e+01
1.632499e+02 0.000000e+00 1.462781e+02 1.697179e+01
1.295138e+02 0.000000e+00 1.462781e+02 -1.676428e+01
2.598076e+02 0.000000e+00 2.971054e+02 -3.729788e+01
3.735756e+02 0.000000e+00 2.971054e+02 7.647018e+01
5.982940e+01 0.000000e+00 8.622423e+01 -2.639483e+01
1.270152e+02 0.000000e+00 8.622423e+01 4.079098e+01
1.718275e+02 0.000000e+00 2.539269e+02 -8.209933e+01
3.191298e+02 0.000000e+00 2.539269e+02 6.520288e+01
3.338619e+02 0.000000e+00 2.983555e+02 3.550647e+01
2.584563e+02 0.000000e+00 2.983555e+02 -3.989914e+01
1.574183e+02 0.000000e+00 1.715573e+02 -1.413892e+01
1.873020e+02 0.000000e+00 1.715573e+02 1.574480e+01
4.138419e+02 0.000000e+00 3.884054e+02 2.543646e+01
3.513506e+02 0.000000e+00 3.884054e+02 -3.705475e+01
1.214554e+02 0.000000e+00 1.563847e+02 -3.492929e+01
1.811253e+02 0.000000e+00 1.563847e+02 2.474059e+01
2.323013e+02 0.000000e+00 2.050108e+02 2.729056e+01
1.802709e+02 0.000000e+00 2.050108e+02 -2.473988e+01
2.443338e+02 0.000000e+00 2.626534e+02 -1.831958e+01
2.849709e+02 0.000000e+00 2.626534e+02 2.231747e+01
6.202908e+02 7.010990e+02 7.010990e+02 6.202908e+02
7.808679e+02 7.010990e+02 7.010990e+02 7.808679e+02
1.863016e+02 0.000000e+00 1.373386e+02 4.896300e+01
9.707159e+01 0.000000e+00 1.373386e+02 -4.026705e+01
4.283580e+02 0.000000e+00 3.732422e+02 5.511578e+01
3.135414e+02 0.000000e+00 3.732422e+02 -5.970078e+01
2.813276e+02 0.000000e+00 2.617817e+02 1.954590e+01
2.425055e+02 0.000000e+00 2.617817e+02 -1.927623e+01
2.373538e+02 0.000000e+00 2.751966e+02 -3.784280e+01
3.108288e+02 0.000000e+00 2.751966e+02 3.563214e+01
1.594491e+02 0.000000e+00 7.822961e+01 8.121945e+01
-3.612617e+00 0.000000e+00 7.822961e+01 -8.184223e+01
4.963947e+02 0.000000e+00 2.620353e+02 2.343595e+02
2.174984e+02 0.000000e+00 2.620353e+02 -4.453690e+01
2.690436e+02 0.000000e+00 2.663489e+02 2.694733e+00
2.638081e+02 0.000000e+00 2.663489e+02 -2.540833e+00
4.871130e+02 0.000000e+00 4.660972e+02 2.101578e+01
4.453780e+02 0.000000e+00 4.660972e+02 -2.071927e+01
1.326185e+02 0.000000e+00 1.085381e+02 2.408043e+01
8.275948e+01 0.000000e+00 1.085381e+02 -2.577863e+01
2.150922e+02 0.000000e+00 1.955039e+02 1.958835e+01
1.756863e+02 0.000000e+00 1.955039e+02 -1.981760e+01
2.648419e+02 0.000000e+00 2.945358e+02 -2.969388e+01
3.275731e+02 0.000000e+00 2.945358e+02 3.303732e+01
1.084101e+02 0.000000e+00 1.058620e+02 2.548164e+00
1.010901e+02 0.000000e+00 1.058620e+02 -4.771873e+00
5.627945e+01 0.000000e+00 1.167615e+02 -6.048207e+01
1.901434e+02 0.000000e+00 1.167615e+02 7.338190e+01
