1.355863e+02 0.000000e+00 1.138422e+02 2.174411e+01
9.057900e+01 0.000000e+00 1.138422e+02 -2.326323e+01
2.163150e+02 0.000000e+00 1.500026e+02 6.631237e+01
8.933870e+01 0.000000e+00 1.500026e+02 -6.066390e+01
5.391462e+01 0.000000e+00 5.192022e+01 1.994394e+00
4.930217e+01 0.000000e+00 5.192022e+01 -2.618051e+00
2.700730e+02 0.000000e+00 2.097413e+02 6.033170e+01
1.339044e+02 0.000000e+00 2.097413e+02 -7.583690e+01
2.503586e+02 0.000000e+00 1.998317e+02 5.052688e+01
1.397588e+02 0.000000e+00 1.998317e+02 -6.007290e+01
1.621885e+02 0.000000e+00 1.463951e+02 1.579340e+01
1.319501e+02 0.000000e+00 1.463951e+02 -1.444506e+01
1.394108e+02 0.000000e+00 1.149071e+02 2.450371e+01
8.999462e+01 0.000000e+00 1.149071e+02 -2.491247e+01
1.286562e+02 0.000000e+00 1.313475e+02 -2.691273e+00
1.350084e+02 0.000000e+00 1.313475e+02 3.660927e+00
1.532502e+02 0.000000e+00 1.573857e+02 -4.135467e+00
1.616152e+02 0.000000e+00 1.573857e+02 4.229468e+00
1.209557e+02 0.000000e+00 1.317993e+02 -1.084355e+01
1.415869e+02 0.000000e+00 1.317993e+02 9.787598e+00
1.521262e+02 0.000000e+00 1.344111e+02 1.771505e+01
1.191134e+02 0.000000e+00 1.344111e+02 -1.529773e+01
3.064142e+02 0.000000e+00 2.536439e+02 5.277028e+01
1.880880e+02 0.000000e+00 2.536439e+02 -6.555599e+01
1.627018e+02 0.000000e+00 1.463338e+02 1.636801e+01
1.282240e+02 0.000000e+00 1.463338e+02 -1.810977e+01
1.173429e+02 0.000000e+00 1.313126e+02 -1.396969e+01
1.466249e+02 0.000000e+00 1.313126e+02 1.531222e+01
3.227435e+02 0.000000e+00 3.176109e+02 5.132633e+00
3.143241e+02 0.000000e+00 3.176109e+02 -3.286756e+00
1.330898e+02 0.000000e+00 1.230863e+02 1.000357e+01
1.130758e+02 0.000000e+00 1.230863e+02 -1.001051e+01
2.034112e+02 0.000000e+00 1.873589e+02 1.605232e+01
1.762090e+02 0.000000e+00 1.873589e+02 -1.114992e+01
3.632501e+02 2.780919e+02 2.780919e+02 3.632501e+02
1.741277e+02 2.780919e+02 2.780919e+02 1.741277e+02
1.861257e+02 0.000000e+00 1.592345e+02 2.689124e+01
1.337572e+02 0.000000e+00 1.592345e+02 -2.547732e+01
7.983505e+01 0.000000e+00 9.726467e+01 -1.742962e+01
1.175359e+02 0.000000e+00 9.726467e+01 2.027123e+01
1.862086e+02 0.000000e+00 1.635312e+02 2.267741e+01
1.432299e+02 0.000000e+00 1.635312e+02 -2.030135e+01
1.983824e+02 0.000000e+00 1.400418e+02 5.834065e+01
9.236389e+01 0.000000e+00 1.400418e+02 -4.767789e+01
1.669412e+02 0.000000e+00 1.705424e+02 -3.601213e+00
1.759754e+02 0.000000e+00 1.705424e+02 5.432947e+00
1.536564e+02 0.000000e+00 1.428532e+02 1.080320e+01
1.301987e+02 0.000000e+00 1.428532e+02 -1.265454e+01
5.914185e+01 0.000000e+00 8.238691e+01 -2.324506e+01
1.123377e+02 0.000000e+00 8.238691e+01 2.995077e+01
1.526297e+02 0.000000e+00 1.356907e+02 1.693903e+01
1.202294e+02 0.000000e+00 1.356907e+02 -1.546132e+01
