1.400991e+02 0.000000e+00 1.233583e+02 1.674075e+01
1.069327e+02 0.000000e+00 1.233583e+02 -1.642560e+01
2.319967e+02 0.000000e+00 1.632069e+02 6.878986e+01
1.088682e+02 0.000000e+00 1.632069e+02 -5.433864e+01
1.215290e+02 0.000000e+00 1.092679e+02 1.226114e+01
1.004637e+02 0.000000e+00 1.092679e+02 -8.804146e+00
2.626930e+02 0.000000e+00 2.026786e+02 6.001434e+01
1.202918e+02 0.000000e+00 2.026786e+02 -8.238682e+01
2.490090e+02 0.000000e+00 2.249491e+02 2.405983e+01
1.953110e+02 0.000000e+00 2.249491e+02 -2.963814e+01
1.473718e+02 0.000000e+00 1.580255e+02 -1.065376e+01
1.681105e+02 0.000000e+00 1.580255e+02 1.008492e+01
1.539535e+02 0.000000e+00 1.180739e+02 3.587960e+01
8.065925e+01 0.000000e+00 1.180739e+02 -3.741465e+01
1.486126e+02 0.000000e+00 1.611412e+02 -1.252853e+01
1.747467e+02 0.000000e+00 1.611412e+02 1.360550e+01
1.491664e+02 0.000000e+00 1.540635e+02 -4.897165e+00
1.592005e+02 0.000000e+00 1.540635e+02 5.136994e+00
8.291008e+01 0.000000e+00 1.147210e+02 -3.181090e+01
1.385486e+02 0.000000e+00 1.147210e+02 2.382758e+01
1.842335e+02 0.000000e+00 1.507223e+02 3.351121e+01
1.204849e+02 0.000000e+00 1.507223e+02 -3.023744e+01
2.158194e+02 0.000000e+00 1.996185e+02 1.620090e+01
1.781987e+02 0.000000e+00 1.996185e+02 -2.141984e+01
1.644793e+02 0.000000e+00 1.915747e+02 -2.709547e+01
2.188731e+02 0.000000e+00 1.915747e+02 2.729833e+01
1.457792e+02 0.000000e+00 1.498801e+02 -4.100890e+00
1.548307e+02 0.000000e+00 1.498801e+02 4.950620e+00
3.865415e+02 0.000000e+00 3.717270e+02 1.481453e+01
3.576143e+02 0.000000e+00 3.717270e+02 -1.411273e+01
1.994189e+02 0.000000e+00 1.801383e+02 1.928061e+01
1.609022e+02 0.000000e+00 1.801383e+02 -1.923604e+01
2.451386e+02 0.000000e+00 2.225930e+02 2.254552e+01
2.004898e+02 0.000000e+00 2.225930e+02 -2.210325e+01
1.216102e+02 0.000000e+00 8.438761e+01 3.722256e+01
4.154867e+01 0.000000e+00 8.438761e+01 -4.283895e+01
3.399106e+02 0.000000e+00 2.427901e+02 9.712049e+01
1.999067e+02 0.000000e+00 2.427901e+02 -4.288341e+01
7.287946e+01 0.000000e+00 8.905248e+01 -1.617302e+01
1.053748e+02 0.000000e+00 8.905248e+01 1.632232e+01
2.159018e+02 0.000000e+00 2.365727e+02 -2.067098e+01
2.532093e+02 0.000000e+00 2.365727e+02 1.663652e+01
2.013795e+02 0.000000e+00 1.718304e+02 2.954911e+01
1.468359e+02 0.000000e+00 1.718304e+02 -2.499452e+01
1.230330e+02 0.000000e+00 1.244737e+02 -1.440719e+00
1.258225e+02 0.000000e+00 1.244737e+02 1.348837e+00
1.495991e+02 0.000000e+00 1.518872e+02 -2.288116e+00
1.546037e+02 0.000000e+00 1.518872e+02 2.716445e+00
2.561682e+02 2.626712e+02 2.626712e+02 2.561682e+02
2.695672e+02 2.626712e+02 2.626712e+02 2.695672e+02
8.797410e+01 0.000000e+00 9.219189e+01 -4.217790e+00
9.791526e+01 0.000000e+00 9.219189e+01 5.723370e+00
