9.800388e+01 0.000000e+00 4.221954e+01 5.578434e+01
-2.663908e+01 0.000000e+00 4.221954e+01 -6.885862e+01
4.033899e+02 0.000000e+00 2.645309e+02 1.388590e+02
1.021631e+02 0.000000e+00 2.645309e+02 -1.623678e+02
-3.954213e+01 0.000000e+00 -4.702299e+01 7.480865e+00
-5.253547e+01 0.000000e+00 -4.702299e+01 -5.512474e+00
2.668836e+02 0.000000e+00 1.111122e+02 1.557715e+02
-4.417554e+01 0.000000e+00 1.111122e+02 -1.552877e+02
-3.237341e+01 0.000000e+00 -9.531781e+01 6.294440e+01
-1.691768e+02 0.000000e+00 -9.531781e+01 -7.385895e+01
6.795447e+02 0.000000e+00 6.417189e+02 3.782581e+01
6.079376e+02 0.000000e+00 6.417189e+02 -3.378125e+01
-7.986435e+01 0.000000e+00 -5.980964e+01 -2.005471e+01
-3.675959e+01 0.000000e+00 -5.980964e+01 2.305006e+01
-1.466271e+02 0.000000e+00 -1.383323e+02 -8.294861e+00
-1.249468e+02 0.000000e+00 -1.383323e+02 1.338543e+01
4.873372e+02 0.000000e+00 5.153259e+02 -2.798874e+01
5.287507e+02 0.000000e+00 5.153259e+02 1.342474e+01
2.987869e+02 0.000000e+00 1.137020e+02 1.850850e+02
2.407513e+00 0.000000e+00 1.137020e+02 -1.112944e+02
1.279797e+02 0.000000e+00 1.092953e+02 1.868439e+01
9.202982e+01 0.000000e+00 1.092953e+02 -1.726549e+01
6.055774e+02 0.000000e+00 4.324902e+02 1.730872e+02
2.594895e+02 0.000000e+00 4.324902e+02 -1.730007e+02
-2.895045e+00 0.000000e+00 1.752821e+01 -2.042325e+01
3.627186e+01 0.000000e+00 1.752821e+01 1.874365e+01
2.163111e+02 0.000000e+00 2.622578e+02 -4.594676e+01
3.203844e+02 0.000000e+00 2.622578e+02 5.812653e+01
4.766454e+02 0.000000e+00 4.675373e+02 9.108063e+00
4.589631e+02 0.000000e+00 4.675373e+02 -8.574219e+00
1.393926e+02 0.000000e+00 1.020417e+02 3.735089e+01
7.294533e+01 0.000000e+00 1.020417e+02 -2.909641e+01
-2.386606e+02 0.000000e+00 -1.306741e+02 -1.079865e+02
-2.386627e+00 0.000000e+00 -1.306741e+02 1.282875e+02
2.645581e+02 0.000000e+00 1.710198e+02 9.353827e+01
2.604960e+01 0.000000e+00 1.710198e+02 -1.449702e+02
2.518236e+02 0.000000e+00 2.731820e+02 -2.135837e+01
2.863760e+02 0.000000e+00 2.731820e+02 1.319403e+01
1.511708e+02 0.000000e+00 1.355871e+02 1.558363e+01
1.166113e+02 0.000000e+00 1.355871e+02 -1.897588e+01
7.623387e+02 0.000000e+00 5.370090e+02 2.253298e+02
4.056012e+02 0.000000e+00 5.370090e+02 -1.314077e+02
-2.415433e+02 0.000000e+00 -2.807465e+02 3.920322e+01
-3.019172e+02 0.000000e+00 -2.807465e+02 -2.117075e+01
5.970848e+02 0.000000e+00 5.515529e+02 4.553198e+01
5.228772e+02 0.000000e+00 5.515529e+02 -2.867566e+01
8.831241e+02 6.839206e+02 6.839206e+02 8.831241e+02
4.021423e+02 6.839206e+02 6.839206e+02 4.021423e+02
-6.428677e+01 0.000000e+00 1.624457e+02 -2.267325e+02
4.589208e+02 0.000000e+00 1.624457e+02 2.964751e+02
-2.225551e+01 0.000000e+00 -8.457288e+00 -1.379822e+01
6.674532e+00 0.000000e+00 -8.457288e+00 1.513182e+01
