1.040320e+02 0.000000e+00 9.425659e+01 9.775421e+00
8.373184e+01 0.000000e+00 9.425659e+01 -1.052475e+01
2.105642e+02 0.000000e+00 1.441620e+02 6.640224e+01
8.314453e+01 0.000000e+00 1.441620e+02 -6.101742e+01
2.998599e+01 0.000000e+00 3.472549e+01 -4.739503e+00
3.911082e+01 0.000000e+00 3.472549e+01 4.385331e+00
2.041245e+02 0.000000e+00 1.553767e+02 4.874777e+01
9.605031e+01 0.000000e+00 1.553767e+02 -5.932644e+01
1.824238e+02 0.000000e+00 1.555487e+02 2.687511e+01
1.214655e+02 0.000000e+00 1.555487e+02 -3.408320e+01
1.122703e+02 0.000000e+00 1.040317e+02 8.238625e+00
9.462899e+01 0.000000e+00 1.040317e+02 -9.402717e+00
1.348689e+02 0.000000e+00 1.061142e+02 2.875470e+01
7.605082e+01 0.000000e+00 1.061142e+02 -3.006334e+01
1.138389e+02 0.000000e+00 1.281859e+02 -1.434695e+01
1.454103e+02 0.000000e+00 1.281859e+02 1.722443e+01
1.390047e+02 0.000000e+00 1.353844e+02 3.620288e+00
1.324897e+02 0.000000e+00 1.353844e+02 -2.894752e+00
9.472526e+01 0.000000e+00 1.188317e+02 -2.410648e+01
1.382592e+02 0.000000e+00 1.188317e+02 1.942745e+01
1.258622e+02 0.000000e+00 1.170790e+02 8.783143e+00
1.105340e+02 0.000000e+00 1.170790e+02 -6.545071e+00
1.976553e+02 0.000000e+00 1.630727e+02 3.458254e+01
1.257227e+02 0.000000e+00 1.630727e+02 -3.735001e+01
2.291944e+02 2.310252e+02 2.310252e+02 2.291944e+02
2.325978e+02 2.310252e+02 2.310252e+02 2.325978e+02
1.041430e+02 0.000000e+00 1.142243e+02 -1.008127e+01
1.248357e+02 0.000000e+00 1.142243e+02 1.061148e+01
2.647682e+02 0.000000e+00 2.658406e+02 -1.072426e+00
2.683553e+02 0.000000e+00 2.658406e+02 2.514693e+00
1.337674e+02 0.000000e+00 1.133745e+02 2.039298e+01
9.365160e+01 0.000000e+00 1.133745e+02 -1.972287e+01
2.152975e+02 0.000000e+00 1.807250e+02 3.457248e+01
1.555239e+02 0.000000e+00 1.807250e+02 -2.520112e+01
6.576075e+01 0.000000e+00 2.634898e+01 3.941177e+01
-1.770500e+01 0.000000e+00 2.634898e+01 -4.405398e+01
1.844344e+02 0.000000e+00 1.279624e+02 5.647200e+01
9.847245e+01 0.000000e+00 1.279624e+02 -2.948998e+01
7.880708e+01 0.000000e+00 9.414646e+01 -1.533938e+01
1.119532e+02 0.000000e+00 9.414646e+01 1.780671e+01
2.179234e+02 0.000000e+00 1.961052e+02 2.181812e+01
1.768095e+02 0.000000e+00 1.961052e+02 -1.929572e+01
1.335116e+02 0.000000e+00 8.953823e+01 4.397340e+01
5.057529e+01 0.000000e+00 8.953823e+01 -3.896294e+01
1.073966e+02 0.000000e+00 1.199248e+02 -1.252827e+01
1.355830e+02 0.000000e+00 1.199248e+02 1.565818e+01
9.490580e+01 0.000000e+00 9.666031e+01 -1.754511e+00
9.736494e+01 0.000000e+00 9.666031e+01 7.046272e-01
3.449447e+01 0.000000e+00 3.311518e+01 1.379286e+00
3.216805e+01 0.000000e+00 3.311518e+01 -9.471331e-01
1.060245e+02 0.000000e+00 8.748250e+01 1.854202e+01
6.926657e+01 0.000000e+00 8.748250e+01 -1.821593e+01
