1.149779e+02 0.000000e+00 1.086892e+02 6.288781e+00
1.018159e+02 0.000000e+00 1.086892e+02 -6.873289e+00
2.100292e+02 0.000000e+00 1.401639e+02 6.986536e+01
7.581928e+01 0.000000e+00 1.401639e+02 -6.434460e+01
4.009088e+01 0.000000e+00 4.206437e+01 -1.973484e+00
4.433204e+01 0.000000e+00 4.206437e+01 2.267673e+00
2.007387e+02 0.000000e+00 1.558248e+02 4.491393e+01
1.009268e+02 0.000000e+00 1.558248e+02 -5.489798e+01
1.856478e+02 0.000000e+00 1.566098e+02 2.903802e+01
1.198099e+02 0.000000e+00 1.566098e+02 -3.679987e+01
1.119710e+02 0.000000e+00 9.896847e+01 1.300257e+01
8.555980e+01 0.000000e+00 9.896847e+01 -1.340867e+01
1.196218e+02 0.000000e+00 9.596222e+01 2.365953e+01
7.150932e+01 0.000000e+00 9.596222e+01 -2.445290e+01
1.064647e+02 0.000000e+00 1.154984e+02 -9.033719e+00
1.262035e+02 0.000000e+00 1.154984e+02 1.070514e+01
1.182708e+02 0.000000e+00 1.225750e+02 -4.304172e+00
1.274185e+02 0.000000e+00 1.225750e+02 4.843499e+00
8.196201e+01 0.000000e+00 1.036886e+02 -2.172659e+01
1.214658e+02 0.000000e+00 1.036886e+02 1.777722e+01
1.352120e+02 0.000000e+00 1.181290e+02 1.708303e+01
1.037179e+02 0.000000e+00 1.181290e+02 -1.441112e+01
3.530927e+02 2.972023e+02 2.972023e+02 3.530927e+02
2.351294e+02 2.972023e+02 2.972023e+02 2.351294e+02
1.157273e+02 0.000000e+00 1.096532e+02 6.074107e+00
1.033097e+02 0.000000e+00 1.096532e+02 -6.343500e+00
6.725213e+01 0.000000e+00 8.067876e+01 -1.342663e+01
9.552656e+01 0.000000e+00 8.067876e+01 1.484781e+01
2.478996e+02 0.000000e+00 2.532190e+02 -5.319444e+00
2.595582e+02 0.000000e+00 2.532190e+02 6.339139e+00
1.129475e+02 0.000000e+00 9.291491e+01 2.003262e+01
7.388529e+01 0.000000e+00 9.291491e+01 -1.902962e+01
1.818077e+02 0.000000e+00 1.585319e+02 2.327585e+01
1.418328e+02 0.000000e+00 1.585319e+02 -1.669902e+01
8.338708e+01 0.000000e+00 3.852931e+01 4.485776e+01
-1.302801e+01 0.000000e+00 3.852931e+01 -5.155732e+01
1.910512e+02 0.000000e+00 1.218834e+02 6.916779e+01
9.024541e+01 0.000000e+00 1.218834e+02 -3.163803e+01
7.750542e+01 0.000000e+00 8.488741e+01 -7.381985e+00
9.332310e+01 0.000000e+00 8.488741e+01 8.435696e+00
2.207514e+02 0.000000e+00 1.827868e+02 3.796454e+01
1.494552e+02 0.000000e+00 1.827868e+02 -3.333164e+01
1.299507e+02 0.000000e+00 9.331385e+01 3.663683e+01
6.115266e+01 0.000000e+00 9.331385e+01 -3.216119e+01
1.099106e+02 0.000000e+00 1.222464e+02 -1.233584e+01
1.376894e+02 0.000000e+00 1.222464e+02 1.544297e+01
1.098304e+02 0.000000e+00 1.066627e+02 3.167783e+00
1.029300e+02 0.000000e+00 1.066627e+02 -3.732707e+00
3.580039e+01 0.000000e+00 3.628909e+01 -4.887044e-01
3.694501e+01 0.000000e+00 3.628909e+01 6.559224e-01
1.144636e+02 0.000000e+00 8.686026e+01 2.760335e+01
5.831308e+01 0.000000e+00 8.686026e+01 -2.854718e+01
