1.477990e+02 0.000000e+00 6.127714e+01 8.652181e+01
-3.525714e+01 0.000000e+00 6.127714e+01 -9.653429e+01
3.364945e+02 0.000000e+00 1.906531e+02 1.458414e+02
4.215062e+01 0.000000e+00 1.906531e+02 -1.485024e+02
1.486806e+02 0.000000e+00 1.522926e+02 -3.612000e+00
1.561423e+02 0.000000e+00 1.522926e+02 3.849701e+00
3.249640e+02 0.000000e+00 3.236024e+02 1.361542e+00
3.214013e+02 0.000000e+00 3.236024e+02 -2.201111e+00
4.111458e+02 0.000000e+00 3.824011e+02 2.874463e+01
3.316080e+02 0.000000e+00 3.824011e+02 -5.079309e+01
1.455547e+02 0.000000e+00 7.931852e+01 6.623615e+01
1.314328e+01 0.000000e+00 7.931852e+01 -6.617524e+01
8.095809e+02 6.855978e+02 6.855978e+02 8.095809e+02
5.581436e+02 6.855978e+02 6.855978e+02 5.581436e+02
9.647704e+01 0.000000e+00 9.177394e+01 4.703094e+00
8.646021e+01 0.000000e+00 9.177394e+01 -5.313736e+00
-2.198786e+01 0.000000e+00 4.454219e+01 -6.653006e+01
1.082547e+02 0.000000e+00 4.454219e+01 6.371254e+01
2.678680e+02 0.000000e+00 3.105652e+02 -4.269714e+01
3.278892e+02 0.000000e+00 3.105652e+02 1.732401e+01
2.101733e+02 0.000000e+00 1.627746e+02 4.739871e+01
1.052917e+02 0.000000e+00 1.627746e+02 -5.748289e+01
2.911360e+02 0.000000e+00 2.302577e+02 6.087836e+01
1.664891e+02 0.000000e+00 2.302577e+02 -6.376859e+01
5.094398e+02 0.000000e+00 4.377590e+02 7.168079e+01
3.812003e+02 0.000000e+00 4.377590e+02 -5.655875e+01
3.605681e+02 0.000000e+00 4.016500e+02 -4.108188e+01
4.477498e+02 0.000000e+00 4.016500e+02 4.609976e+01
1.371321e+02 0.000000e+00 9.521725e+01 4.191483e+01
4.920039e+01 0.000000e+00 9.521725e+01 -4.601686e+01
7.533632e+01 0.000000e+00 7.011240e+01 5.223923e+00
6.509559e+01 0.000000e+00 7.011240e+01 -5.016808e+00
1.974032e+02 0.000000e+00 1.824697e+02 1.493356e+01
1.733763e+02 0.000000e+00 1.824697e+02 -9.093338e+00
4.495091e+02 0.000000e+00 2.812993e+02 1.682098e+02
1.204124e+02 0.000000e+00 2.812993e+02 -1.608869e+02
1.815497e+02 0.000000e+00 1.652605e+02 1.628918e+01
1.586998e+02 0.000000e+00 1.652605e+02 -6.560699e+00
1.112861e+02 0.000000e+00 1.719606e+02 -6.067451e+01
2.618297e+02 0.000000e+00 1.719606e+02 8.986906e+01
3.499006e+02 0.000000e+00 3.492646e+02 6.360168e-01
3.487805e+02 0.000000e+00 3.492646e+02 -4.840393e-01
1.147885e+02 0.000000e+00 1.130931e+02 1.695427e+00
1.118320e+02 0.000000e+00 1.130931e+02 -1.261131e+00
1.476551e+02 0.000000e+00 1.546835e+02 -7.028351e+00
1.629867e+02 0.000000e+00 1.546835e+02 8.303253e+00
4.020281e+02 0.000000e+00 3.359938e+02 6.603427e+01
2.560940e+02 0.000000e+00 3.359938e+02 -7.989984e+01
3.275565e+01 0.000000e+00 1.044381e+02 -7.168241e+01
2.046684e+02 0.000000e+00 1.044381e+02 1.002304e+02
1.075865e+02 0.000000e+00 3.488275e+01 7.270374e+01
-2.110828e+01 0.000000e+00 3.488275e+01 -5.599103e+01
