1.028188e+02 0.000000e+00 9.548632e+01 7.332526e+00
8.721973e+01 0.000000e+00 9.548632e+01 -8.266589e+00
2.184941e+02 0.000000e+00 1.544052e+02 6.408893e+01
9.442247e+01 0.000000e+00 1.544052e+02 -5.998269e+01
4.889458e+01 0.000000e+00 5.564918e+01 -6.754607e+00
6.158202e+01 0.000000e+00 5.564918e+01 5.932839e+00
2.093556e+02 0.000000e+00 1.490418e+02 6.031388e+01
7.457287e+01 0.000000e+00 1.490418e+02 -7.446889e+01
2.141601e+02 0.000000e+00 1.774795e+02 3.668054e+01
1.300127e+02 0.000000e+00 1.774795e+02 -4.746687e+01
1.423864e+02 0.000000e+00 1.254953e+02 1.689111e+01
1.077488e+02 0.000000e+00 1.254953e+02 -1.774645e+01
1.321853e+02 0.000000e+00 1.051112e+02 2.707415e+01
7.688114e+01 0.000000e+00 1.051112e+02 -2.823002e+01
9.110633e+01 0.000000e+00 1.020720e+02 -1.096571e+01
1.162045e+02 0.000000e+00 1.020720e+02 1.413245e+01
1.484876e+02 0.000000e+00 1.470194e+02 1.468196e+00
1.462307e+02 0.000000e+00 1.470194e+02 -7.887025e-01
9.643251e+01 0.000000e+00 1.090562e+02 -1.262371e+01
1.192381e+02 0.000000e+00 1.090562e+02 1.018190e+01
1.298133e+02 0.000000e+00 1.179061e+02 1.190718e+01
1.085609e+02 0.000000e+00 1.179061e+02 -9.345164e+00
2.171440e+02 0.000000e+00 1.743372e+02 4.280676e+01
1.271954e+02 0.000000e+00 1.743372e+02 -4.714185e+01
1.276917e+02 0.000000e+00 1.226172e+02 5.074529e+00
1.167396e+02 0.000000e+00 1.226172e+02 -5.877646e+00
2.571711e+02 2.664483e+02 2.664483e+02 2.571711e+02
2.761398e+02 2.664483e+02 2.664483e+02 2.761398e+02
2.675184e+02 0.000000e+00 2.700751e+02 -2.556730e+00
2.738408e+02 0.000000e+00 2.700751e+02 3.765691e+00
1.240793e+02 0.000000e+00 1.068172e+02 1.726209e+01
8.985324e+01 0.000000e+00 1.068172e+02 -1.696394e+01
2.028800e+02 0.000000e+00 1.742369e+02 2.864317e+01
1.528711e+02 0.000000e+00 1.742369e+02 -2.136581e+01
9.769198e+01 0.000000e+00 5.563973e+01 4.205225e+01
9.743826e+00 0.000000e+00 5.563973e+01 -4.589590e+01
1.940515e+02 0.000000e+00 1.326734e+02 6.137812e+01
1.006769e+02 0.000000e+00 1.326734e+02 -3.199647e+01
7.792017e+01 0.000000e+00 9.589960e+01 -1.797942e+01
1.158847e+02 0.000000e+00 9.589960e+01 1.998510e+01
2.023348e+02 0.000000e+00 1.752478e+02 2.708698e+01
1.513816e+02 0.000000e+00 1.752478e+02 -2.386617e+01
1.432454e+02 0.000000e+00 1.029062e+02 4.033920e+01
6.910612e+01 0.000000e+00 1.029062e+02 -3.380013e+01
1.109202e+02 0.000000e+00 1.249433e+02 -1.402311e+01
1.417653e+02 0.000000e+00 1.249433e+02 1.682201e+01
1.038527e+02 0.000000e+00 1.020848e+02 1.767921e+00
9.943911e+01 0.000000e+00 1.020848e+02 -2.645643e+00
3.882648e+01 0.000000e+00 4.183427e+01 -3.007791e+00
4.485043e+01 0.000000e+00 4.183427e+01 3.016162e+00
1.111267e+02 0.000000e+00 9.192847e+01 1.919827e+01
7.276521e+01 0.000000e+00 9.192847e+01 -1.916326e+01
