1.097392e+02 0.000000e+00 9.878008e+01 1.095916e+01
8.735420e+01 0.000000e+00 9.878008e+01 -1.142587e+01
2.245243e+02 0.000000e+00 1.600683e+02 6.445597e+01
1.031372e+02 0.000000e+00 1.600683e+02 -5.693109e+01
6.124927e+01 0.000000e+00 6.156146e+01 -3.121913e-01
6.173919e+01 0.000000e+00 6.156146e+01 1.777337e-01
2.365801e+02 0.000000e+00 1.869891e+02 4.959107e+01
1.253471e+02 0.000000e+00 1.869891e+02 -6.164196e+01
2.044162e+02 0.000000e+00 1.809957e+02 2.342048e+01
1.506356e+02 0.000000e+00 1.809957e+02 -3.036013e+01
1.163353e+02 0.000000e+00 1.097529e+02 6.582454e+00
1.025902e+02 0.000000e+00 1.097529e+02 -7.162649e+00
1.245380e+02 0.000000e+00 9.613892e+01 2.839903e+01
6.691525e+01 0.000000e+00 9.613892e+01 -2.922367e+01
2.527505e+02 2.665636e+02 2.665636e+02 2.527505e+02
2.820534e+02 2.665636e+02 2.665636e+02 2.820534e+02
1.337722e+02 0.000000e+00 1.353239e+02 -1.551765e+00
1.370049e+02 0.000000e+00 1.353239e+02 1.680928e+00
9.894967e+01 0.000000e+00 1.177410e+02 -1.879128e+01
1.326065e+02 0.000000e+00 1.177410e+02 1.486558e+01
1.575043e+02 0.000000e+00 1.392532e+02 1.825113e+01
1.239788e+02 0.000000e+00 1.392532e+02 -1.527439e+01
2.369668e+02 0.000000e+00 1.982225e+02 3.874431e+01
1.536608e+02 0.000000e+00 1.982225e+02 -4.456163e+01
1.511803e+02 0.000000e+00 1.417736e+02 9.406704e+00
1.320143e+02 0.000000e+00 1.417736e+02 -9.759369e+00
1.089820e+02 0.000000e+00 1.196779e+02 -1.069594e+01
1.310068e+02 0.000000e+00 1.196779e+02 1.132883e+01
2.777926e+02 0.000000e+00 2.778649e+02 -7.229446e-02
2.793324e+02 0.000000e+00 2.778649e+02 1.467488e+00
1.480071e+02 0.000000e+00 1.223616e+02 2.564541e+01
9.737635e+01 0.000000e+00 1.223616e+02 -2.498530e+01
2.029095e+02 0.000000e+00 1.714619e+02 3.144759e+01
1.477491e+02 0.000000e+00 1.714619e+02 -2.371279e+01
1.007763e+02 0.000000e+00 5.688743e+01 4.388890e+01
6.540889e+00 0.000000e+00 5.688743e+01 -5.034654e+01
2.266133e+02 0.000000e+00 1.499382e+02 7.667516e+01
1.162993e+02 0.000000e+00 1.499382e+02 -3.363884e+01
9.590063e+01 0.000000e+00 1.010846e+02 -5.183957e+00
1.067439e+02 0.000000e+00 1.010846e+02 5.659266e+00
2.319925e+02 0.000000e+00 2.058476e+02 2.614487e+01
1.831358e+02 0.000000e+00 2.058476e+02 -2.271179e+01
1.570115e+02 0.000000e+00 1.152293e+02 4.178222e+01
7.978776e+01 0.000000e+00 1.152293e+02 -3.544151e+01
1.229176e+02 0.000000e+00 1.319174e+02 -8.999801e+00
1.429480e+02 0.000000e+00 1.319174e+02 1.103051e+01
9.556343e+01 0.000000e+00 9.804834e+01 -2.484904e+00
1.009749e+02 0.000000e+00 9.804834e+01 2.926597e+00
5.500004e+01 0.000000e+00 5.966212e+01 -4.662074e+00
6.650632e+01 0.000000e+00 5.966212e+01 6.844203e+00
1.208201e+02 0.000000e+00 9.665174e+01 2.416834e+01
7.274904e+01 0.000000e+00 9.665174e+01 -2.390269e+01
