9.026355e+01 0.000000e+00 9.023026e+01 3.329509e-02
8.949198e+01 0.000000e+00 9.023026e+01 -7.382770e-01
1.873980e+02 0.000000e+00 1.246993e+02 6.269861e+01
6.668488e+01 0.000000e+00 1.246993e+02 -5.801447e+01
1.513998e+01 0.000000e+00 2.308930e+01 -7.949316e+00
2.997904e+01 0.000000e+00 2.308930e+01 6.889740e+00
1.758072e+02 0.000000e+00 1.289821e+02 4.682510e+01
7.310269e+01 0.000000e+00 1.289821e+02 -5.587936e+01
1.673033e+02 0.000000e+00 1.419852e+02 2.531809e+01
1.093260e+02 0.000000e+00 1.419852e+02 -3.265924e+01
8.678165e+01 0.000000e+00 7.857709e+01 8.204559e+00
6.979987e+01 0.000000e+00 7.857709e+01 -8.777224e+00
9.577777e+01 0.000000e+00 7.662701e+01 1.915076e+01
5.669749e+01 0.000000e+00 7.662701e+01 -1.992952e+01
7.571176e+01 0.000000e+00 8.680950e+01 -1.109774e+01
1.000023e+02 0.000000e+00 8.680950e+01 1.319279e+01
1.125392e+02 0.000000e+00 1.139450e+02 -1.405809e+00
1.156893e+02 0.000000e+00 1.139450e+02 1.744361e+00
7.408514e+01 0.000000e+00 9.399833e+01 -1.991319e+01
1.102689e+02 0.000000e+00 9.399833e+01 1.627060e+01
1.217150e+02 0.000000e+00 1.031283e+02 1.858664e+01
8.822380e+01 0.000000e+00 1.031283e+02 -1.490454e+01
1.807346e+02 0.000000e+00 1.485516e+02 3.218304e+01
1.146028e+02 0.000000e+00 1.485516e+02 -3.394879e+01
9.862606e+01 0.000000e+00 9.744343e+01 1.182633e+00
9.580094e+01 0.000000e+00 9.744343e+01 -1.642481e+00
6.695907e+01 0.000000e+00 7.668696e+01 -9.727887e+00
8.697065e+01 0.000000e+00 7.668696e+01 1.028369e+01
2.289694e+02 0.000000e+00 2.340272e+02 -5.057727e+00
2.397377e+02 0.000000e+00 2.340272e+02 5.710554e+00
1.140258e+02 0.000000e+00 9.196017e+01 2.206560e+01
7.104572e+01 0.000000e+00 9.196017e+01 -2.091445e+01
2.997120e+02 2.734708e+02 2.734708e+02 2.997120e+02
2.530700e+02 2.734708e+02 2.734708e+02 2.530700e+02
7.151353e+01 0.000000e+00 2.935177e+01 4.216176e+01
-1.845251e+01 0.000000e+00 2.935177e+01 -4.780429e+01
1.749437e+02 0.000000e+00 1.079528e+02 6.699086e+01
7.690664e+01 0.000000e+00 1.079528e+02 -3.104618e+01
6.498173e+01 0.000000e+00 7.523261e+01 -1.025088e+01
8.715483e+01 0.000000e+00 7.523261e+01 1.192222e+01
2.264733e+02 0.000000e+00 1.857570e+02 4.071624e+01
1.508844e+02 0.000000e+00 1.857570e+02 -3.487262e+01
1.092839e+02 0.000000e+00 7.701230e+01 3.227163e+01
4.821883e+01 0.000000e+00 7.701230e+01 -2.879348e+01
9.637613e+01 0.000000e+00 1.122475e+02 -1.587140e+01
1.312320e+02 0.000000e+00 1.122475e+02 1.898443e+01
8.717111e+01 0.000000e+00 9.010451e+01 -2.933400e+00
9.303105e+01 0.000000e+00 9.010451e+01 2.926539e+00
2.570252e+01 0.000000e+00 1.777083e+01 7.931696e+00
7.578454e+00 0.000000e+00 1.777083e+01 -1.019237e+01
1.046979e+02 0.000000e+00 7.777638e+01 2.692148e+01
4.968964e+01 0.000000e+00 7.777638e+01 -2.808674e+01
