1.488943e+02 0.000000e+00 1.430668e+02 5.827453e+00
1.367861e+02 0.000000e+00 1.430668e+02 -6.280702e+00
2.146403e+02 0.000000e+00 1.438436e+02 7.079661e+01
7.968141e+01 0.000000e+00 1.438436e+02 -6.416223e+01
5.544564e+01 0.000000e+00 6.460432e+01 -9.158677e+00
7.217765e+01 0.000000e+00 6.460432e+01 7.573332e+00
2.632360e+02 0.000000e+00 2.079782e+02 5.525786e+01
1.406689e+02 0.000000e+00 2.079782e+02 -6.730929e+01
2.076063e+02 0.000000e+00 1.711529e+02 3.645344e+01
1.256726e+02 0.000000e+00 1.711529e+02 -4.548023e+01
1.447429e+02 0.000000e+00 1.341526e+02 1.059037e+01
1.236914e+02 0.000000e+00 1.341526e+02 -1.046118e+01
1.616250e+02 0.000000e+00 1.296427e+02 3.198224e+01
9.597328e+01 0.000000e+00 1.296427e+02 -3.366946e+01
1.390032e+02 0.000000e+00 1.529570e+02 -1.395387e+01
1.708032e+02 0.000000e+00 1.529570e+02 1.784616e+01
1.458678e+02 0.000000e+00 1.499918e+02 -4.124010e+00
1.537918e+02 0.000000e+00 1.499918e+02 3.800042e+00
1.082651e+02 0.000000e+00 1.247279e+02 -1.646272e+01
1.373159e+02 0.000000e+00 1.247279e+02 1.258804e+01
1.333272e+02 0.000000e+00 1.190517e+02 1.427554e+01
1.082328e+02 0.000000e+00 1.190517e+02 -1.081890e+01
2.977778e+02 0.000000e+00 2.440359e+02 5.374192e+01
1.787945e+02 0.000000e+00 2.440359e+02 -6.524137e+01
1.401266e+02 0.000000e+00 1.292084e+02 1.091813e+01
1.170107e+02 0.000000e+00 1.292084e+02 -1.219775e+01
1.020953e+02 0.000000e+00 1.120760e+02 -9.980742e+00
1.227899e+02 0.000000e+00 1.120760e+02 1.071389e+01
3.128063e+02 0.000000e+00 3.084818e+02 4.324519e+00
3.051691e+02 0.000000e+00 3.084818e+02 -3.312708e+00
1.735689e+02 0.000000e+00 1.497663e+02 2.380258e+01
1.273351e+02 0.000000e+00 1.497663e+02 -2.243127e+01
2.365973e+02 0.000000e+00 2.037343e+02 3.286295e+01
1.796402e+02 0.000000e+00 2.037343e+02 -2.409413e+01
1.274341e+02 0.000000e+00 7.352678e+01 5.390730e+01
1.102468e+01 0.000000e+00 7.352678e+01 -6.250210e+01
1.836822e+02 0.000000e+00 1.278910e+02 5.579118e+01
1.009663e+02 0.000000e+00 1.278910e+02 -2.692471e+01
8.442624e+01 0.000000e+00 9.879798e+01 -1.437174e+01
1.137175e+02 0.000000e+00 9.879798e+01 1.491957e+01
2.326226e+02 0.000000e+00 2.213030e+02 1.131965e+01
2.102228e+02 0.000000e+00 2.213030e+02 -1.108013e+01
1.647953e+02 0.000000e+00 1.149984e+02 4.979691e+01
7.220018e+01 0.000000e+00 1.149984e+02 -4.279817e+01
1.565586e+02 0.000000e+00 1.561781e+02 3.804963e-01
1.582688e+02 0.000000e+00 1.561781e+02 2.090643e+00
1.267722e+02 0.000000e+00 1.178691e+02 8.903100e+00
1.085904e+02 0.000000e+00 1.178691e+02 -9.278661e+00
3.933555e+01 0.000000e+00 5.042642e+01 -1.109087e+01
6.487561e+01 0.000000e+00 5.042642e+01 1.444919e+01
3.073439e+02 2.707367e+02 2.707367e+02 3.073439e+02
2.353393e+02 2.707367e+02 2.707367e+02 2.353393e+02
