1.574833e+02 0.000000e+00 1.556912e+02 1.792068e+00
1.537721e+02 0.000000e+00 1.556912e+02 -1.919144e+00
2.225231e+02 0.000000e+00 2.373407e+02 -1.481760e+01
2.501471e+02 0.000000e+00 2.373407e+02 1.280635e+01
-3.168148e+01 0.000000e+00 1.080144e+01 -4.248292e+01
4.999315e+01 0.000000e+00 1.080144e+01 3.919171e+01
1.730457e+02 0.000000e+00 1.657133e+02 7.332428e+00
1.518632e+02 0.000000e+00 1.657133e+02 -1.385005e+01
6.974822e+02 0.000000e+00 5.708697e+02 1.266125e+02
3.897866e+02 0.000000e+00 5.708697e+02 -1.810831e+02
2.899310e+02 0.000000e+00 1.973569e+02 9.257408e+01
1.020992e+02 0.000000e+00 1.973569e+02 -9.525772e+01
2.335505e+02 0.000000e+00 1.534060e+02 8.014455e+01
6.571304e+01 0.000000e+00 1.534060e+02 -8.769292e+01
6.609116e+01 0.000000e+00 9.767986e+01 -3.158870e+01
1.609862e+02 0.000000e+00 9.767986e+01 6.330635e+01
3.472781e+01 0.000000e+00 4.671214e+01 -1.198433e+01
6.250779e+01 0.000000e+00 4.671214e+01 1.579565e+01
6.472456e+01 0.000000e+00 2.780523e+01 3.691934e+01
-4.218464e+00 0.000000e+00 2.780523e+01 -3.202369e+01
2.708250e+02 0.000000e+00 2.205632e+02 5.026176e+01
1.806420e+02 0.000000e+00 2.205632e+02 -3.992122e+01
1.189071e+02 0.000000e+00 7.560596e+01 4.330109e+01
3.752066e+01 0.000000e+00 7.560596e+01 -3.808531e+01
5.016091e+01 0.000000e+00 7.098526e+01 -2.082435e+01
9.178090e+01 0.000000e+00 7.098526e+01 2.079564e+01
6.389095e+02 6.789705e+02 6.789705e+02 6.389095e+02
7.194481e+02 6.789705e+02 6.789705e+02 7.194481e+02
1.124617e+02 0.000000e+00 1.854397e+02 -7.297797e+01
2.624265e+02 0.000000e+00 1.854397e+02 7.698679e+01
3.029680e+02 0.000000e+00 2.700712e+02 3.289688e+01
2.364177e+02 0.000000e+00 2.700712e+02 -3.365347e+01
1.589368e+02 0.000000e+00 1.219215e+02 3.701534e+01
8.631862e+01 0.000000e+00 1.219215e+02 -3.560284e+01
-7.188686e+01 0.000000e+00 -3.353494e+01 -3.835191e+01
7.375668e+00 0.000000e+00 -3.353494e+01 4.091061e+01
3.916909e+02 0.000000e+00 2.379182e+02 1.537727e+02
1.674338e+02 0.000000e+00 2.379182e+02 -7.048445e+01
2.079468e+02 0.000000e+00 2.076642e+02 2.826691e-01
2.073870e+02 0.000000e+00 2.076642e+02 -2.771912e-01
1.755645e+02 0.000000e+00 1.701650e+02 5.399521e+00
1.648000e+02 0.000000e+00 1.701650e+02 -5.364990e+00
1.342063e+02 0.000000e+00 5.841481e+01 7.579152e+01
8.025894e+00 0.000000e+00 5.841481e+01 -5.038892e+01
5.320763e+01 0.000000e+00 1.183556e+02 -6.514797e+01
1.804576e+02 0.000000e+00 1.183556e+02 6.210198e+01
1.196110e+02 0.000000e+00 1.442839e+02 -2.467294e+01
1.642719e+02 0.000000e+00 1.442839e+02 1.998795e+01
-1.907526e+01 0.000000e+00 4.480416e+01 -6.387942e+01
1.179378e+02 0.000000e+00 4.480416e+01 7.313362e+01
7.333824e+00 0.000000e+00 2.617486e+01 -1.884103e+01
4.602406e+01 0.000000e+00 2.617486e+01 1.984921e+01
