1.086205e+02 0.000000e+00 1.037525e+02 4.868024e+00
9.834783e+01 0.000000e+00 1.037525e+02 -5.404681e+00
2.147890e+02 0.000000e+00 1.514850e+02 6.330405e+01
9.413121e+01 0.000000e+00 1.514850e+02 -5.735378e+01
4.742150e+01 0.000000e+00 4.989620e+01 -2.474701e+00
5.202580e+01 0.000000e+00 4.989620e+01 2.129597e+00
1.949305e+02 0.000000e+00 1.534574e+02 4.147316e+01
1.023874e+02 0.000000e+00 1.534574e+02 -5.106997e+01
2.006858e+02 0.000000e+00 1.743702e+02 2.631566e+01
1.414183e+02 0.000000e+00 1.743702e+02 -3.295189e+01
1.163653e+02 0.000000e+00 1.012120e+02 1.515334e+01
8.455175e+01 0.000000e+00 1.012120e+02 -1.666024e+01
1.173944e+02 0.000000e+00 9.278554e+01 2.460891e+01
6.729888e+01 0.000000e+00 9.278554e+01 -2.548666e+01
1.003753e+02 0.000000e+00 1.168354e+02 -1.646009e+01
1.359411e+02 0.000000e+00 1.168354e+02 1.910578e+01
1.151074e+02 0.000000e+00 1.168313e+02 -1.723916e+00
1.184053e+02 0.000000e+00 1.168313e+02 1.573973e+00
7.715876e+01 0.000000e+00 1.005410e+02 -2.338220e+01
1.189031e+02 0.000000e+00 1.005410e+02 1.836215e+01
2.558260e+02 2.279225e+02 2.279225e+02 2.558260e+02
2.042371e+02 2.279225e+02 2.279225e+02 2.042371e+02
2.193423e+02 0.000000e+00 1.798388e+02 3.950349e+01
1.375917e+02 0.000000e+00 1.798388e+02 -4.224710e+01
1.145444e+02 0.000000e+00 1.085174e+02 6.027020e+00
1.021197e+02 0.000000e+00 1.085174e+02 -6.397634e+00
8.708465e+01 0.000000e+00 9.629451e+01 -9.209857e+00
1.062169e+02 0.000000e+00 9.629451e+01 9.922428e+00
2.487176e+02 0.000000e+00 2.548108e+02 -6.093249e+00
2.618915e+02 0.000000e+00 2.548108e+02 7.080677e+00
1.086711e+02 0.000000e+00 8.729920e+01 2.137190e+01
6.688350e+01 0.000000e+00 8.729920e+01 -2.041571e+01
1.912458e+02 0.000000e+00 1.693622e+02 2.188362e+01
1.543953e+02 0.000000e+00 1.693622e+02 -1.496686e+01
8.056838e+01 0.000000e+00 3.817069e+01 4.239769e+01
-9.460997e+00 0.000000e+00 3.817069e+01 -4.763169e+01
2.212393e+02 0.000000e+00 1.319463e+02 8.929301e+01
9.216241e+01 0.000000e+00 1.319463e+02 -3.978393e+01
8.974141e+01 0.000000e+00 9.378185e+01 -4.040441e+00
9.804723e+01 0.000000e+00 9.378185e+01 4.265378e+00
2.204401e+02 0.000000e+00 1.891351e+02 3.130501e+01
1.626096e+02 0.000000e+00 1.891351e+02 -2.652554e+01
1.275816e+02 0.000000e+00 9.547880e+01 3.210282e+01
6.774949e+01 0.000000e+00 9.547880e+01 -2.772931e+01
1.168281e+02 0.000000e+00 1.316186e+02 -1.479050e+01
1.500092e+02 0.000000e+00 1.316186e+02 1.839054e+01
9.001939e+01 0.000000e+00 9.393614e+01 -3.916759e+00
9.782008e+01 0.000000e+00 9.393614e+01 3.883937e+00
5.108921e+01 0.000000e+00 4.411296e+01 6.976249e+00
3.382865e+01 0.000000e+00 4.411296e+01 -1.028432e+01
9.851520e+01 0.000000e+00 7.188682e+01 2.662838e+01
4.403444e+01 0.000000e+00 7.188682e+01 -2.785238e+01
