1.649996e+02 0.000000e+00 1.349397e+02 3.005981e+01
9.877209e+01 0.000000e+00 1.349397e+02 -3.616765e+01
4.724652e+02 0.000000e+00 3.477802e+02 1.246851e+02
2.300448e+02 0.000000e+00 3.477802e+02 -1.177354e+02
1.323359e+01 0.000000e+00 -6.693187e+00 1.992678e+01
-1.985185e+01 0.000000e+00 -6.693187e+00 -1.315866e+01
1.037175e+02 0.000000e+00 5.143414e+01 5.228338e+01
-6.495384e+00 0.000000e+00 5.143414e+01 -5.792952e+01
3.088184e+02 0.000000e+00 2.706068e+02 3.821158e+01
2.217794e+02 0.000000e+00 2.706068e+02 -4.882733e+01
8.307866e+01 0.000000e+00 7.906155e+01 4.017113e+00
7.465149e+01 0.000000e+00 7.906155e+01 -4.410057e+00
3.338075e+02 0.000000e+00 2.882990e+02 4.550845e+01
2.393029e+02 0.000000e+00 2.882990e+02 -4.899612e+01
1.568388e+02 0.000000e+00 1.780302e+02 -2.119147e+01
2.069277e+02 0.000000e+00 1.780302e+02 2.889749e+01
2.913108e+02 0.000000e+00 3.060177e+02 -1.470691e+01
3.201111e+02 0.000000e+00 3.060177e+02 1.409338e+01
1.383078e+02 0.000000e+00 1.890212e+02 -5.071341e+01
2.272649e+02 0.000000e+00 1.890212e+02 3.824371e+01
3.387711e+02 0.000000e+00 2.444637e+02 9.430737e+01
1.528647e+02 0.000000e+00 2.444637e+02 -9.159909e+01
1.761237e+02 0.000000e+00 1.768715e+02 -7.477875e-01
1.775108e+02 0.000000e+00 1.768715e+02 6.393280e-01
3.838367e+02 0.000000e+00 2.615728e+02 1.222639e+02
1.228386e+02 0.000000e+00 2.615728e+02 -1.387342e+02
1.300678e+02 0.000000e+00 1.042761e+02 2.579167e+01
7.353881e+01 0.000000e+00 1.042761e+02 -3.073728e+01
6.292046e+02 0.000000e+00 6.084935e+02 2.071112e+01
5.904413e+02 0.000000e+00 6.084935e+02 -1.805212e+01
-7.095184e-01 0.000000e+00 2.573104e+01 -2.644056e+01
5.218382e+01 0.000000e+00 2.573104e+01 2.645277e+01
3.153232e+01 0.000000e+00 6.327678e+01 -3.174446e+01
9.393309e+01 0.000000e+00 6.327678e+01 3.065631e+01
3.256671e+02 0.000000e+00 2.596547e+02 6.601236e+01
1.881945e+02 0.000000e+00 2.596547e+02 -7.146024e+01
2.797010e+02 0.000000e+00 2.776412e+02 2.059845e+00
2.765439e+02 0.000000e+00 2.776412e+02 -1.097260e+00
2.597583e+01 0.000000e+00 3.504205e+01 -9.066223e+00
4.447163e+01 0.000000e+00 3.504205e+01 9.429581e+00
2.168463e+02 0.000000e+00 2.004769e+02 1.636943e+01
1.778746e+02 0.000000e+00 2.004769e+02 -2.260229e+01
4.713712e+02 0.000000e+00 2.336009e+02 2.377703e+02
5.613439e+01 0.000000e+00 2.336009e+02 -1.774665e+02
5.819811e+02 5.685438e+02 5.685438e+02 5.819811e+02
5.554563e+02 5.685438e+02 5.685438e+02 5.554563e+02
1.400000e+02 0.000000e+00 1.587406e+02 -1.874062e+01
1.770114e+02 0.000000e+00 1.587406e+02 1.827075e+01
9.125368e+01 0.000000e+00 3.031724e+01 6.093644e+01
-3.341646e+01 0.000000e+00 3.031724e+01 -6.373370e+01
1.574241e+02 0.000000e+00 1.376651e+02 1.975905e+01
1.145881e+02 0.000000e+00 1.376651e+02 -2.307695e+01
