9.417741e+01 0.000000e+00 9.084210e+01 3.335308e+00
8.707103e+01 0.000000e+00 9.084210e+01 -3.771070e+00
2.086195e+02 0.000000e+00 1.436426e+02 6.497690e+01
8.509583e+01 0.000000e+00 1.436426e+02 -5.854673e+01
4.123745e+01 0.000000e+00 4.584411e+01 -4.606667e+00
4.983731e+01 0.000000e+00 4.584411e+01 3.993198e+00
1.587092e+02 0.000000e+00 1.156149e+02 4.309431e+01
6.298218e+01 0.000000e+00 1.156149e+02 -5.263270e+01
3.186967e+02 2.781525e+02 2.781525e+02 3.186967e+02
2.275964e+02 2.781525e+02 2.781525e+02 2.275964e+02
9.565825e+01 0.000000e+00 8.761394e+01 8.044307e+00
7.919375e+01 0.000000e+00 8.761394e+01 -8.420198e+00
1.028472e+02 0.000000e+00 7.936160e+01 2.348564e+01
5.537797e+01 0.000000e+00 7.936160e+01 -2.398363e+01
9.487122e+01 0.000000e+00 1.043028e+02 -9.431578e+00
1.151589e+02 0.000000e+00 1.043028e+02 1.085615e+01
1.035876e+02 0.000000e+00 1.079559e+02 -4.368260e+00
1.126151e+02 0.000000e+00 1.079559e+02 4.659264e+00
6.950708e+01 0.000000e+00 9.179514e+01 -2.228806e+01
1.099032e+02 0.000000e+00 9.179514e+01 1.810805e+01
1.305332e+02 0.000000e+00 1.124873e+02 1.804590e+01
9.703177e+01 0.000000e+00 1.124873e+02 -1.545552e+01
1.838630e+02 0.000000e+00 1.504173e+02 3.344571e+01
1.130311e+02 0.000000e+00 1.504173e+02 -3.738620e+01
1.142458e+02 0.000000e+00 1.031573e+02 1.108854e+01
9.136753e+01 0.000000e+00 1.031573e+02 -1.178975e+01
7.538715e+01 0.000000e+00 8.583517e+01 -1.044802e+01
9.730663e+01 0.000000e+00 8.583517e+01 1.147146e+01
2.480204e+02 0.000000e+00 2.481799e+02 -1.594388e-01
2.492499e+02 0.000000e+00 2.481799e+02 1.070036e+00
9.147497e+01 0.000000e+00 6.821632e+01 2.325865e+01
4.575645e+01 0.000000e+00 6.821632e+01 -2.245987e+01
1.739213e+02 0.000000e+00 1.513323e+02 2.258900e+01
1.347128e+02 0.000000e+00 1.513323e+02 -1.661949e+01
5.710683e+01 0.000000e+00 2.648234e+01 3.062450e+01
-8.718499e+00 0.000000e+00 2.648234e+01 -3.520084e+01
2.203565e+02 0.000000e+00 1.332878e+02 8.706869e+01
9.335537e+01 0.000000e+00 1.332878e+02 -3.993239e+01
7.454830e+01 0.000000e+00 7.959314e+01 -5.044840e+00
8.548910e+01 0.000000e+00 7.959314e+01 5.895958e+00
1.981641e+02 0.000000e+00 1.599233e+02 3.824076e+01
1.263114e+02 0.000000e+00 1.599233e+02 -3.361194e+01
1.188494e+02 0.000000e+00 8.707612e+01 3.177330e+01
5.995311e+01 0.000000e+00 8.707612e+01 -2.712300e+01
8.501168e+01 0.000000e+00 1.035547e+02 -1.854306e+01
1.265154e+02 0.000000e+00 1.035547e+02 2.296063e+01
7.392495e+01 0.000000e+00 8.090976e+01 -6.984812e+00
8.823304e+01 0.000000e+00 8.090976e+01 7.323284e+00
4.565106e+01 0.000000e+00 3.632378e+01 9.327282e+00
2.301946e+01 0.000000e+00 3.632378e+01 -1.330432e+01
9.732253e+01 0.000000e+00 7.199363e+01 2.532889e+01
4.590735e+01 0.000000e+00 7.199363e+01 -2.608628e+01
