1.172058e+02 0.000000e+00 1.549476e+02 -3.774177e+01
1.867820e+02 0.000000e+00 1.549476e+02 3.183446e+01
1.050830e+02 0.000000e+00 1.152794e+02 -1.019642e+01
1.221848e+02 0.000000e+00 1.152794e+02 6.905380e+00
1.368624e+02 0.000000e+00 1.372681e+02 -4.056702e-01
1.375356e+02 0.000000e+00 1.372681e+02 2.674866e-01
5.215184e+01 0.000000e+00 4.238679e+01 9.765053e+00
3.239442e+01 0.000000e+00 4.238679e+01 -9.992367e+00
6.779714e+02 6.205236e+02 6.205236e+02 6.779714e+02
5.668923e+02 6.205236e+02 6.205236e+02 5.668923e+02
3.061296e+01 0.000000e+00 6.898419e+01 -3.837123e+01
1.018843e+02 0.000000e+00 6.898419e+01 3.290015e+01
9.707315e+01 0.000000e+00 7.759278e+01 1.948037e+01
5.740823e+01 0.000000e+00 7.759278e+01 -2.018455e+01
5.099068e+01 0.000000e+00 6.560020e+01 -1.460952e+01
7.985659e+01 0.000000e+00 6.560020e+01 1.425639e+01
8.750357e+01 0.000000e+00 6.245061e+01 2.505296e+01
3.866849e+01 0.000000e+00 6.245061e+01 -2.378213e+01
4.826975e+01 0.000000e+00 -1.778018e+01 6.604993e+01
-7.793610e+01 0.000000e+00 -1.778018e+01 -6.015591e+01
2.336163e+02 0.000000e+00 1.897835e+02 4.383279e+01
1.520312e+02 0.000000e+00 1.897835e+02 -3.775233e+01
4.115553e+01 0.000000e+00 4.092495e+01 2.305794e-01
4.072934e+01 0.000000e+00 4.092495e+01 -1.956139e-01
6.929649e+01 0.000000e+00 5.057895e+01 1.871755e+01
3.233458e+01 0.000000e+00 5.057895e+01 -1.824437e+01
6.361160e+01 0.000000e+00 5.321223e+01 1.039936e+01
4.163040e+01 0.000000e+00 5.321223e+01 -1.158184e+01
5.063843e+02 0.000000e+00 5.062039e+02 1.804199e-01
5.060198e+02 0.000000e+00 5.062039e+02 -1.841125e-01
1.529875e+02 0.000000e+00 1.148083e+02 3.817917e+01
7.848294e+01 0.000000e+00 1.148083e+02 -3.632541e+01
3.091963e+01 0.000000e+00 -4.732402e+00 3.565203e+01
-3.453173e+01 0.000000e+00 -4.732402e+00 -2.979933e+01
2.203261e+01 0.000000e+00 -1.606431e+00 2.363904e+01
-2.641957e+01 0.000000e+00 -1.606431e+00 -2.481314e+01
2.546427e+02 0.000000e+00 2.029361e+02 5.170657e+01
1.569993e+02 0.000000e+00 2.029361e+02 -4.593684e+01
4.697328e+01 0.000000e+00 6.460326e+01 -1.762997e+01
8.427242e+01 0.000000e+00 6.460326e+01 1.966917e+01
3.734645e+01 0.000000e+00 9.766902e+01 -6.032257e+01
1.697556e+02 0.000000e+00 9.766902e+01 7.208658e+01
2.473685e+02 0.000000e+00 2.295072e+02 1.786137e+01
2.136822e+02 0.000000e+00 2.295072e+02 -1.582495e+01
3.512751e+01 0.000000e+00 6.443846e+01 -2.931095e+01
9.787578e+01 0.000000e+00 6.443846e+01 3.343732e+01
2.083039e+01 0.000000e+00 3.316331e+00 1.751406e+01
-1.580030e+01 0.000000e+00 3.316331e+00 -1.911663e+01
6.331413e+01 0.000000e+00 7.921756e+01 -1.590343e+01
9.665990e+01 0.000000e+00 7.921756e+01 1.744234e+01
9.657545e+01 0.000000e+00 3.638299e+01 6.019246e+01
-4.172557e+01 0.000000e+00 3.638299e+01 -7.810857e+01
