-4.742956e+01 0.000000e+00 2.384952e+01 -7.127908e+01
8.571141e+01 0.000000e+00 2.384952e+01 6.186189e+01
3.178997e+02 0.000000e+00 2.628262e+02 5.507346e+01
2.138210e+02 0.000000e+00 2.628262e+02 -4.900519e+01
5.770794e+01 0.000000e+00 8.551456e+01 -2.780663e+01
1.097534e+02 0.000000e+00 8.551456e+01 2.423880e+01
1.128538e+02 0.000000e+00 -2.304578e+01 1.358996e+02
-1.997197e+02 0.000000e+00 -2.304578e+01 -1.766739e+02
1.125642e+02 0.000000e+00 7.027689e+01 4.228733e+01
2.286418e+01 0.000000e+00 7.027689e+01 -4.741271e+01
2.247585e+02 0.000000e+00 1.679263e+02 5.683220e+01
1.099187e+02 0.000000e+00 1.679263e+02 -5.800764e+01
1.192083e+02 0.000000e+00 9.185980e+01 2.734854e+01
6.443477e+01 0.000000e+00 9.185980e+01 -2.742503e+01
5.132729e+01 0.000000e+00 5.562846e+01 -4.301163e+00
5.997751e+01 0.000000e+00 5.562846e+01 4.349052e+00
2.217212e+02 0.000000e+00 1.501242e+02 7.159703e+01
9.037521e+01 0.000000e+00 1.501242e+02 -5.974899e+01
1.490420e+02 0.000000e+00 1.919623e+02 -4.292033e+01
2.275320e+02 0.000000e+00 1.919623e+02 3.556966e+01
9.719456e+01 0.000000e+00 1.432138e+02 -4.601926e+01
1.960372e+02 0.000000e+00 1.432138e+02 5.282335e+01
8.794145e+02 7.114722e+02 7.114722e+02 8.794145e+02
4.913750e+02 7.114722e+02 7.114722e+02 4.913750e+02
1.297041e+02 0.000000e+00 1.103442e+02 1.935990e+01
9.082149e+01 0.000000e+00 1.103442e+02 -1.952270e+01
1.932764e+02 0.000000e+00 2.223568e+02 -2.908044e+01
2.550075e+02 0.000000e+00 2.223568e+02 3.265070e+01
6.623016e+01 0.000000e+00 1.192133e+02 -5.298310e+01
1.780690e+02 0.000000e+00 1.192133e+02 5.885572e+01
1.991915e+01 0.000000e+00 -2.075198e+01 4.067113e+01
-6.001256e+01 0.000000e+00 -2.075198e+01 -3.926058e+01
8.776759e+01 0.000000e+00 -1.401006e+01 1.017777e+02
-5.872838e+01 0.000000e+00 -1.401006e+01 -4.471832e+01
1.425158e+02 0.000000e+00 9.228743e+01 5.022836e+01
4.988803e+01 0.000000e+00 9.228743e+01 -4.239940e+01
1.600982e+02 0.000000e+00 9.633529e+01 6.376289e+01
6.862077e+01 0.000000e+00 9.633529e+01 -2.771452e+01
-1.724595e+02 0.000000e+00 -4.465864e+01 -1.278009e+02
1.042194e+02 0.000000e+00 -4.465864e+01 1.488780e+02
-1.004639e+01 0.000000e+00 5.081071e+01 -6.085710e+01
1.173154e+02 0.000000e+00 5.081071e+01 6.650466e+01
4.755666e+01 0.000000e+00 1.228179e+01 3.527488e+01
-1.067863e+01 0.000000e+00 1.228179e+01 -2.296042e+01
1.946647e+02 0.000000e+00 2.364747e+02 -4.181006e+01
2.768357e+02 0.000000e+00 2.364747e+02 4.036098e+01
2.579479e+02 0.000000e+00 2.459068e+02 1.204108e+01
2.332571e+02 0.000000e+00 2.459068e+02 -1.264967e+01
3.128688e+01 0.000000e+00 3.048077e+01 8.061123e-01
2.967241e+01 0.000000e+00 3.048077e+01 -8.083534e-01
6.489959e+01 0.000000e+00 5.177522e+01 1.312437e+01
3.632330e+01 0.000000e+00 5.177522e+01 -1.545192e+01
