4.272797e+02 0.000000e+00 3.967692e+02 3.051056e+01
3.634697e+02 0.000000e+00 3.967692e+02 -3.329950e+01
8.240994e+01 0.000000e+00 7.438179e+01 8.028152e+00
6.814912e+01 0.000000e+00 7.438179e+01 -6.232674e+00
7.488936e+01 0.000000e+00 5.901180e+01 1.587756e+01
4.573014e+01 0.000000e+00 5.901180e+01 -1.328165e+01
1.775449e+02 0.000000e+00 1.090601e+02 6.848488e+01
2.289465e+01 0.000000e+00 1.090601e+02 -8.616541e+01
6.096066e+02 0.000000e+00 5.340431e+02 7.556348e+01
4.545637e+02 0.000000e+00 5.340431e+02 -7.947937e+01
2.793466e+01 0.000000e+00 3.477473e+01 -6.840067e+00
4.082025e+01 0.000000e+00 3.477473e+01 6.045521e+00
1.607957e+02 0.000000e+00 1.172746e+02 4.352106e+01
7.324955e+01 0.000000e+00 1.172746e+02 -4.402509e+01
2.032444e+02 0.000000e+00 2.408936e+02 -3.764926e+01
2.800803e+02 0.000000e+00 2.408936e+02 3.918668e+01
1.821562e+02 0.000000e+00 2.137826e+02 -3.162637e+01
2.465464e+02 0.000000e+00 2.137826e+02 3.276381e+01
6.647559e+01 0.000000e+00 1.123524e+02 -4.587682e+01
1.434116e+02 0.000000e+00 1.123524e+02 3.105914e+01
3.313671e+02 0.000000e+00 2.469470e+02 8.442015e+01
1.732663e+02 0.000000e+00 2.469470e+02 -7.368063e+01
1.696220e+02 0.000000e+00 1.551952e+02 1.442673e+01
1.353155e+02 0.000000e+00 1.551952e+02 -1.987973e+01
1.715500e+02 0.000000e+00 2.668647e+02 -9.531476e+01
3.553250e+02 0.000000e+00 2.668647e+02 8.846024e+01
-3.412476e+00 0.000000e+00 5.987357e+01 -6.328605e+01
1.274830e+02 0.000000e+00 5.987357e+01 6.760947e+01
3.774002e+02 0.000000e+00 3.114269e+02 6.597330e+01
2.414578e+02 0.000000e+00 3.114269e+02 -6.996904e+01
2.923253e+02 0.000000e+00 2.882600e+02 4.065277e+00
2.839443e+02 0.000000e+00 2.882600e+02 -4.315704e+00
5.084202e+02 0.000000e+00 5.051728e+02 3.247406e+00
5.020570e+02 0.000000e+00 5.051728e+02 -3.115753e+00
2.699641e+02 0.000000e+00 2.698213e+02 1.428528e-01
2.696415e+02 0.000000e+00 2.698213e+02 -1.797485e-01
5.954921e+02 5.453423e+02 5.453423e+02 5.954921e+02
5.201992e+02 5.453423e+02 5.453423e+02 5.201992e+02
7.348420e+01 0.000000e+00 7.788651e+01 -4.402306e+00
8.280375e+01 0.000000e+00 7.788651e+01 4.917244e+00
3.797944e+02 0.000000e+00 3.771233e+02 2.671112e+00
3.750709e+02 0.000000e+00 3.771233e+02 -2.052429e+00
2.524440e+02 0.000000e+00 2.438350e+02 8.608932e+00
2.350852e+02 0.000000e+00 2.438350e+02 -8.749802e+00
3.260127e+01 0.000000e+00 5.786187e+01 -2.526060e+01
8.479633e+01 0.000000e+00 5.786187e+01 2.693446e+01
1.243596e+02 0.000000e+00 1.406186e+02 -1.625897e+01
1.586109e+02 0.000000e+00 1.406186e+02 1.799229e+01
4.386194e+02 0.000000e+00 3.710302e+02 6.758917e+01
3.064672e+02 0.000000e+00 3.710302e+02 -6.456302e+01
2.354487e+02 0.000000e+00 1.644492e+02 7.099954e+01
8.931264e+01 0.000000e+00 1.644492e+02 -7.513654e+01
