1.183602e+02 0.000000e+00 1.107692e+02 7.591053e+00
1.025043e+02 0.000000e+00 1.107692e+02 -8.264895e+00
2.344396e+02 0.000000e+00 1.626818e+02 7.175777e+01
9.621785e+01 0.000000e+00 1.626818e+02 -6.646395e+01
6.029775e+01 0.000000e+00 6.718108e+01 -6.883331e+00
7.349238e+01 0.000000e+00 6.718108e+01 6.311299e+00
2.272174e+02 0.000000e+00 1.703006e+02 5.691675e+01
1.007426e+02 0.000000e+00 1.703006e+02 -6.955801e+01
2.219135e+02 0.000000e+00 1.782110e+02 4.370241e+01
1.250018e+02 0.000000e+00 1.782110e+02 -5.320928e+01
3.079095e+02 2.742152e+02 2.742152e+02 3.079095e+02
2.389112e+02 2.742152e+02 2.742152e+02 2.389112e+02
1.427987e+02 0.000000e+00 1.141319e+02 2.866675e+01
8.426082e+01 0.000000e+00 1.141319e+02 -2.987112e+01
1.068878e+02 0.000000e+00 1.180282e+02 -1.114040e+01
1.320432e+02 0.000000e+00 1.180282e+02 1.401498e+01
1.506053e+02 0.000000e+00 1.561521e+02 -5.546779e+00
1.623040e+02 0.000000e+00 1.561521e+02 6.151880e+00
1.102646e+02 0.000000e+00 1.194990e+02 -9.234459e+00
1.276261e+02 0.000000e+00 1.194990e+02 8.127098e+00
1.523414e+02 0.000000e+00 1.336908e+02 1.865058e+01
1.187620e+02 0.000000e+00 1.336908e+02 -1.492885e+01
2.564695e+02 0.000000e+00 2.071124e+02 4.935707e+01
1.526082e+02 0.000000e+00 2.071124e+02 -5.450428e+01
1.395019e+02 0.000000e+00 1.273813e+02 1.212057e+01
1.144208e+02 0.000000e+00 1.273813e+02 -1.296046e+01
1.423315e+02 0.000000e+00 1.536460e+02 -1.131455e+01
1.661160e+02 0.000000e+00 1.536460e+02 1.247004e+01
3.025946e+02 0.000000e+00 2.999208e+02 2.673773e+00
2.990301e+02 0.000000e+00 2.999208e+02 -8.906785e-01
1.290303e+02 0.000000e+00 1.114919e+02 1.753844e+01
9.494870e+01 0.000000e+00 1.114919e+02 -1.654317e+01
2.108800e+02 0.000000e+00 1.836367e+02 2.724326e+01
1.634406e+02 0.000000e+00 1.836367e+02 -2.019607e+01
1.066864e+02 0.000000e+00 6.301638e+01 4.367005e+01
1.567199e+01 0.000000e+00 6.301638e+01 -4.734439e+01
1.956840e+02 0.000000e+00 1.432510e+02 5.243291e+01
1.154505e+02 0.000000e+00 1.432510e+02 -2.780055e+01
6.571994e+01 0.000000e+00 8.245735e+01 -1.673741e+01
1.013215e+02 0.000000e+00 8.245735e+01 1.886415e+01
2.006087e+02 0.000000e+00 1.765669e+02 2.404179e+01
1.539969e+02 0.000000e+00 1.765669e+02 -2.256996e+01
1.496387e+02 0.000000e+00 1.056988e+02 4.393987e+01
6.884199e+01 0.000000e+00 1.056988e+02 -3.685682e+01
1.280431e+02 0.000000e+00 1.385417e+02 -1.049862e+01
1.518540e+02 0.000000e+00 1.385417e+02 1.331234e+01
1.283924e+02 0.000000e+00 1.216724e+02 6.719992e+00
1.137559e+02 0.000000e+00 1.216724e+02 -7.916546e+00
4.725200e+01 0.000000e+00 5.509184e+01 -7.839839e+00
6.487735e+01 0.000000e+00 5.509184e+01 9.785509e+00
1.175893e+02 0.000000e+00 9.722430e+01 2.036501e+01
7.753799e+01 0.000000e+00 9.722430e+01 -1.968631e+01
