1.172098e+02 0.000000e+00 1.127101e+02 4.499740e+00
1.072551e+02 0.000000e+00 1.127101e+02 -5.454980e+00
2.128824e+02 0.000000e+00 1.428385e+02 7.004391e+01
7.898321e+01 0.000000e+00 1.428385e+02 -6.385533e+01
3.693199e+01 0.000000e+00 4.365127e+01 -6.719285e+00
4.957511e+01 0.000000e+00 4.365127e+01 5.923838e+00
3.550570e+02 2.977417e+02 2.977417e+02 3.550570e+02
2.274718e+02 2.977417e+02 2.977417e+02 2.274718e+02
1.755498e+02 0.000000e+00 1.487325e+02 2.681735e+01
1.143565e+02 0.000000e+00 1.487325e+02 -3.437598e+01
1.124922e+02 0.000000e+00 1.040088e+02 8.483396e+00
9.574220e+01 0.000000e+00 1.040088e+02 -8.266613e+00
1.227975e+02 0.000000e+00 9.927240e+01 2.352510e+01
7.483662e+01 0.000000e+00 9.927240e+01 -2.443578e+01
1.112217e+02 0.000000e+00 1.175533e+02 -6.331590e+00
1.255108e+02 0.000000e+00 1.175533e+02 7.957443e+00
1.228515e+02 0.000000e+00 1.266974e+02 -3.845984e+00
1.308245e+02 0.000000e+00 1.266974e+02 4.127084e+00
9.248816e+01 0.000000e+00 1.087155e+02 -1.622729e+01
1.217442e+02 0.000000e+00 1.087155e+02 1.302870e+01
1.304629e+02 0.000000e+00 1.145612e+02 1.590166e+01
1.011466e+02 0.000000e+00 1.145612e+02 -1.341463e+01
2.360641e+02 0.000000e+00 1.957070e+02 4.035713e+01
1.511016e+02 0.000000e+00 1.957070e+02 -4.460534e+01
1.176435e+02 0.000000e+00 1.132338e+02 4.409748e+00
1.085121e+02 0.000000e+00 1.132338e+02 -4.721629e+00
8.332827e+01 0.000000e+00 9.053387e+01 -7.205601e+00
9.773576e+01 0.000000e+00 9.053387e+01 7.201887e+00
2.668859e+02 0.000000e+00 2.697072e+02 -2.821290e+00
2.741355e+02 0.000000e+00 2.697072e+02 4.428280e+00
1.300730e+02 0.000000e+00 1.086572e+02 2.141581e+01
8.791743e+01 0.000000e+00 1.086572e+02 -2.073973e+01
1.711393e+02 0.000000e+00 1.571370e+02 1.400229e+01
1.475936e+02 0.000000e+00 1.571370e+02 -9.543388e+00
8.965677e+01 0.000000e+00 4.470866e+01 4.494811e+01
-6.347102e+00 0.000000e+00 4.470866e+01 -5.105576e+01
1.834425e+02 0.000000e+00 1.210126e+02 6.242988e+01
8.928702e+01 0.000000e+00 1.210126e+02 -3.172560e+01
8.600935e+01 0.000000e+00 9.055191e+01 -4.542555e+00
9.598946e+01 0.000000e+00 9.055191e+01 5.437558e+00
2.265163e+02 0.000000e+00 1.922872e+02 3.422917e+01
1.620433e+02 0.000000e+00 1.922872e+02 -3.024381e+01
1.273556e+02 0.000000e+00 9.297462e+01 3.438102e+01
6.340135e+01 0.000000e+00 9.297462e+01 -2.957326e+01
1.204290e+02 0.000000e+00 1.291104e+02 -8.681320e+00
1.408916e+02 0.000000e+00 1.291104e+02 1.178120e+01
1.062516e+02 0.000000e+00 1.031488e+02 3.102735e+00
9.891670e+01 0.000000e+00 1.031488e+02 -4.232131e+00
3.865547e+01 0.000000e+00 3.919698e+01 -5.415071e-01
4.013298e+01 0.000000e+00 3.919698e+01 9.359953e-01
1.118507e+02 0.000000e+00 8.567214e+01 2.617859e+01
5.969155e+01 0.000000e+00 8.567214e+01 -2.598059e+01
