1.661970e+02 0.000000e+00 1.513532e+02 1.484378e+01
1.363603e+02 0.000000e+00 1.513532e+02 -1.499290e+01
2.851385e+02 0.000000e+00 2.223827e+02 6.275577e+01
1.610776e+02 0.000000e+00 2.223827e+02 -6.130515e+01
4.550898e+02 0.000000e+00 4.720221e+02 -1.693234e+01
4.908991e+02 0.000000e+00 4.720221e+02 1.887701e+01
5.731295e+02 0.000000e+00 4.917683e+02 8.136118e+01
3.701168e+02 0.000000e+00 4.917683e+02 -1.216516e+02
3.043606e+02 0.000000e+00 2.839845e+02 2.037613e+01
2.627894e+02 0.000000e+00 2.839845e+02 -2.119510e+01
1.997268e+02 0.000000e+00 1.978240e+02 1.902847e+00
1.960130e+02 0.000000e+00 1.978240e+02 -1.811020e+00
5.796464e+01 0.000000e+00 3.982399e+01 1.814065e+01
2.117993e+01 0.000000e+00 3.982399e+01 -1.864405e+01
2.655723e+02 0.000000e+00 3.208884e+02 -5.531610e+01
3.906742e+02 0.000000e+00 3.208884e+02 6.978583e+01
2.809918e+02 0.000000e+00 2.857804e+02 -4.788605e+00
2.900711e+02 0.000000e+00 2.857804e+02 4.290710e+00
1.132606e+02 0.000000e+00 1.462626e+02 -3.300202e+01
1.749147e+02 0.000000e+00 1.462626e+02 2.865213e+01
2.027197e+02 0.000000e+00 1.838777e+02 1.884209e+01
1.634682e+02 0.000000e+00 1.838777e+02 -2.040944e+01
2.721765e+02 0.000000e+00 2.245196e+02 4.765691e+01
1.817309e+02 0.000000e+00 2.245196e+02 -4.278867e+01
1.242764e+02 0.000000e+00 1.452498e+02 -2.097343e+01
1.731844e+02 0.000000e+00 1.452498e+02 2.793459e+01
2.866674e+02 0.000000e+00 2.530426e+02 3.362480e+01
2.230971e+02 0.000000e+00 2.530426e+02 -2.994548e+01
6.767260e+02 0.000000e+00 6.693492e+02 7.376770e+00
6.594433e+02 0.000000e+00 6.693492e+02 -9.905945e+00
2.747241e+02 0.000000e+00 1.865332e+02 8.819089e+01
9.079708e+01 0.000000e+00 1.865332e+02 -9.573612e+01
1.474573e+02 0.000000e+00 8.632135e+01 6.113596e+01
3.240959e+01 0.000000e+00 8.632135e+01 -5.391176e+01
9.557086e+01 0.000000e+00 5.418165e+01 4.138921e+01
-9.533661e+00 0.000000e+00 5.418165e+01 -6.371531e+01
2.661688e+02 0.000000e+00 1.642407e+02 1.019281e+02
1.135609e+02 0.000000e+00 1.642407e+02 -5.067973e+01
1.677085e+02 0.000000e+00 1.931286e+02 -2.542010e+01
2.184663e+02 0.000000e+00 1.931286e+02 2.533765e+01
8.751995e+02 8.144599e+02 8.144599e+02 8.751995e+02
7.592270e+02 8.144599e+02 8.144599e+02 7.592270e+02
2.839465e+02 0.000000e+00 2.115650e+02 7.238142e+01
1.540703e+02 0.000000e+00 2.115650e+02 -5.749478e+01
1.868866e+02 0.000000e+00 1.820060e+02 4.880600e+00
1.751094e+02 0.000000e+00 1.820060e+02 -6.896591e+00
1.067546e+02 0.000000e+00 1.159680e+02 -9.213394e+00
1.280951e+02 0.000000e+00 1.159680e+02 1.212711e+01
2.268590e+01 0.000000e+00 1.461028e+02 -1.234169e+02
2.795352e+02 0.000000e+00 1.461028e+02 1.334323e+02
2.934613e+02 0.000000e+00 2.123029e+02 8.115843e+01
1.332697e+02 0.000000e+00 2.123029e+02 -7.903313e+01
