3.878773e+02 0.000000e+00 3.721081e+02 1.576917e+01
3.567258e+02 0.000000e+00 3.721081e+02 -1.538229e+01
2.960720e+02 0.000000e+00 2.307717e+02 6.530025e+01
1.544830e+02 0.000000e+00 2.307717e+02 -7.628867e+01
1.034892e+02 0.000000e+00 8.691302e+01 1.657619e+01
7.230652e+01 0.000000e+00 8.691302e+01 -1.460651e+01
5.015596e+02 0.000000e+00 4.417333e+02 5.982632e+01
3.791815e+02 0.000000e+00 4.417333e+02 -6.255185e+01
6.043938e+01 0.000000e+00 9.478054e+01 -3.434116e+01
1.329449e+02 0.000000e+00 9.478054e+01 3.816439e+01
7.785576e+02 0.000000e+00 6.043880e+02 1.741696e+02
5.004713e+02 0.000000e+00 6.043880e+02 -1.039167e+02
2.008401e+02 0.000000e+00 1.588997e+02 4.194032e+01
1.187782e+02 0.000000e+00 1.588997e+02 -4.012156e+01
1.284074e+02 0.000000e+00 5.715039e+01 7.125699e+01
-2.376610e+01 0.000000e+00 5.715039e+01 -8.091649e+01
7.773295e+02 7.852870e+02 7.852870e+02 7.773295e+02
7.931791e+02 7.852870e+02 7.852870e+02 7.931791e+02
1.634736e+02 0.000000e+00 1.212175e+02 4.225606e+01
9.225499e+01 0.000000e+00 1.212175e+02 -2.896255e+01
5.376167e+01 0.000000e+00 8.239460e+01 -2.863293e+01
1.168580e+02 0.000000e+00 8.239460e+01 3.446339e+01
4.397986e+02 0.000000e+00 2.399989e+02 1.997996e+02
6.825115e+01 0.000000e+00 2.399989e+02 -1.717478e+02
1.533761e+02 0.000000e+00 1.254305e+02 2.794558e+01
9.648382e+01 0.000000e+00 1.254305e+02 -2.894673e+01
2.229939e+02 0.000000e+00 2.528604e+02 -2.986647e+01
2.886493e+02 0.000000e+00 2.528604e+02 3.578894e+01
5.151217e+02 0.000000e+00 5.370089e+02 -2.188721e+01
5.548292e+02 0.000000e+00 5.370089e+02 1.782025e+01
3.067783e+02 0.000000e+00 3.405300e+02 -3.375171e+01
3.854870e+02 0.000000e+00 3.405300e+02 4.495703e+01
1.877986e+02 0.000000e+00 2.641394e+02 -7.634079e+01
3.212963e+02 0.000000e+00 2.641394e+02 5.715689e+01
2.250657e+02 0.000000e+00 1.460443e+02 7.902144e+01
8.774019e+01 0.000000e+00 1.460443e+02 -5.830408e+01
-1.614297e+02 0.000000e+00 9.389202e+00 -1.708189e+02
3.716941e+01 0.000000e+00 9.389202e+00 2.778021e+01
5.867619e+01 0.000000e+00 5.797958e+01 6.966095e-01
5.723029e+01 0.000000e+00 5.797958e+01 -7.492905e-01
2.043641e+02 0.000000e+00 1.550508e+02 4.931339e+01
8.678589e+01 0.000000e+00 1.550508e+02 -6.826486e+01
2.645562e+02 0.000000e+00 1.907180e+02 7.383820e+01
1.258677e+02 0.000000e+00 1.907180e+02 -6.485024e+01
6.460049e+01 0.000000e+00 5.497376e+01 9.626732e+00
4.599416e+01 0.000000e+00 5.497376e+01 -8.979599e+00
5.019869e+02 0.000000e+00 4.156672e+02 8.631973e+01
3.104308e+02 0.000000e+00 4.156672e+02 -1.052364e+02
-5.925716e+01 0.000000e+00 3.141952e+01 -9.067668e+01
1.529992e+02 0.000000e+00 3.141952e+01 1.215797e+02
3.991496e+02 0.000000e+00 4.053078e+02 -6.158234e+00
4.097144e+02 0.000000e+00 4.053078e+02 4.406586e+00
