8.531704e+01 0.000000e+00 1.320311e+02 -4.671406e+01
1.775205e+02 0.000000e+00 1.320311e+02 4.548941e+01
4.391011e+02 0.000000e+00 3.449457e+02 9.415536e+01
2.613074e+02 0.000000e+00 3.449457e+02 -8.363834e+01
3.102555e+02 0.000000e+00 2.872400e+02 2.301547e+01
2.636823e+02 0.000000e+00 2.872400e+02 -2.355774e+01
1.171875e+03 1.207466e+03 1.207466e+03 1.171875e+03
1.362932e+03 1.207466e+03 1.207466e+03 1.362932e+03
1.478549e+02 0.000000e+00 1.781778e+02 -3.032297e+01
2.130772e+02 0.000000e+00 1.781778e+02 3.489940e+01
1.723985e+02 0.000000e+00 1.699589e+02 2.439590e+00
1.674995e+02 0.000000e+00 1.699589e+02 -2.459396e+00
2.429001e+02 0.000000e+00 2.235531e+02 1.934691e+01
2.034557e+02 0.000000e+00 2.235531e+02 -2.009749e+01
2.380782e+02 0.000000e+00 2.933291e+02 -5.525093e+01
3.553846e+02 0.000000e+00 2.933291e+02 6.205551e+01
2.285532e+02 0.000000e+00 2.353425e+02 -6.789291e+00
2.414687e+02 0.000000e+00 2.353425e+02 6.126129e+00
9.636651e+01 0.000000e+00 2.074111e+02 -1.110446e+02
2.686818e+02 0.000000e+00 2.074111e+02 6.127072e+01
2.539049e+02 0.000000e+00 1.666077e+02 8.729718e+01
7.841226e+01 0.000000e+00 1.666077e+02 -8.819543e+01
3.271421e+02 0.000000e+00 3.246144e+02 2.527679e+00
3.222763e+02 0.000000e+00 3.246144e+02 -2.338104e+00
1.270957e+02 0.000000e+00 1.710614e+02 -4.396564e+01
2.286646e+02 0.000000e+00 1.710614e+02 5.760323e+01
1.378480e+02 0.000000e+00 1.352204e+02 2.627594e+00
1.311674e+02 0.000000e+00 1.352204e+02 -4.053070e+00
4.925382e+02 0.000000e+00 5.032178e+02 -1.067957e+01
5.152918e+02 0.000000e+00 5.032178e+02 1.207404e+01
7.169069e+02 0.000000e+00 5.244854e+02 1.924214e+02
3.665759e+02 0.000000e+00 5.244854e+02 -1.579095e+02
2.253384e+02 0.000000e+00 1.566479e+02 6.869043e+01
9.815111e+01 0.000000e+00 1.566479e+02 -5.849684e+01
1.204702e+02 0.000000e+00 5.464472e+01 6.582552e+01
-1.765825e+01 0.000000e+00 5.464472e+01 -7.230297e+01
3.796701e+02 0.000000e+00 2.134840e+02 1.661861e+02
1.350278e+02 0.000000e+00 2.134840e+02 -7.845624e+01
2.095064e+02 0.000000e+00 2.578091e+02 -4.830270e+01
3.101379e+02 0.000000e+00 2.578091e+02 5.232880e+01
6.341811e+02 0.000000e+00 6.827066e+02 -4.852551e+01
7.314824e+02 0.000000e+00 6.827066e+02 4.877582e+01
6.331665e+01 0.000000e+00 4.797860e+01 1.533805e+01
3.760884e+01 0.000000e+00 4.797860e+01 -1.036975e+01
3.139458e+02 0.000000e+00 2.711271e+02 4.281873e+01
2.214559e+02 0.000000e+00 2.711271e+02 -4.967120e+01
8.025546e+01 0.000000e+00 1.107423e+02 -3.048689e+01
1.530036e+02 0.000000e+00 1.107423e+02 4.226125e+01
2.212346e+01 0.000000e+00 1.040149e+02 -8.189143e+01
1.900974e+02 0.000000e+00 1.040149e+02 8.608253e+01
4.536801e+02 0.000000e+00 3.231314e+02 1.305486e+02
2.188272e+02 0.000000e+00 3.231314e+02 -1.043043e+02
