1.174494e+02 0.000000e+00 1.133885e+02 4.060853e+00
1.094149e+02 0.000000e+00 1.133885e+02 -3.973669e+00
2.204015e+02 0.000000e+00 1.508673e+02 6.953422e+01
8.421625e+01 0.000000e+00 1.508673e+02 -6.665101e+01
2.625069e+01 0.000000e+00 3.628415e+01 -1.003346e+01
4.536380e+01 0.000000e+00 3.628415e+01 9.079650e+00
2.053609e+02 0.000000e+00 1.531781e+02 5.218282e+01
8.869352e+01 0.000000e+00 1.531781e+02 -6.448454e+01
1.893828e+02 0.000000e+00 1.541270e+02 3.525578e+01
1.076192e+02 0.000000e+00 1.541270e+02 -4.650781e+01
1.370490e+02 0.000000e+00 1.218569e+02 1.519204e+01
1.061517e+02 0.000000e+00 1.218569e+02 -1.570521e+01
1.304458e+02 0.000000e+00 1.017862e+02 2.865958e+01
7.199866e+01 0.000000e+00 1.017862e+02 -2.978755e+01
9.718884e+01 0.000000e+00 1.119382e+02 -1.474934e+01
1.298078e+02 0.000000e+00 1.119382e+02 1.786964e+01
2.715275e+02 2.700445e+02 2.700445e+02 2.715275e+02
2.696373e+02 2.700445e+02 2.700445e+02 2.696373e+02
9.069176e+01 0.000000e+00 1.096201e+02 -1.892834e+01
1.255523e+02 0.000000e+00 1.096201e+02 1.593217e+01
1.302086e+02 0.000000e+00 1.151238e+02 1.508482e+01
1.032404e+02 0.000000e+00 1.151238e+02 -1.188340e+01
2.211760e+02 0.000000e+00 1.893327e+02 3.184335e+01
1.555150e+02 0.000000e+00 1.893327e+02 -3.381767e+01
1.296338e+02 0.000000e+00 1.258659e+02 3.767840e+00
1.219714e+02 0.000000e+00 1.258659e+02 -3.894530e+00
1.154380e+02 0.000000e+00 1.233519e+02 -7.913855e+00
1.319910e+02 0.000000e+00 1.233519e+02 8.639124e+00
2.969096e+02 0.000000e+00 2.998869e+02 -2.977254e+00
3.040018e+02 0.000000e+00 2.998869e+02 4.114948e+00
1.397860e+02 0.000000e+00 1.217037e+02 1.808231e+01
1.047509e+02 0.000000e+00 1.217037e+02 -1.695275e+01
1.992714e+02 0.000000e+00 1.763818e+02 2.288963e+01
1.592189e+02 0.000000e+00 1.763818e+02 -1.716288e+01
8.198706e+01 0.000000e+00 3.893462e+01 4.305244e+01
-1.037809e+01 0.000000e+00 3.893462e+01 -4.931271e+01
1.899938e+02 0.000000e+00 1.376091e+02 5.238471e+01
1.109841e+02 0.000000e+00 1.376091e+02 -2.662493e+01
7.166125e+01 0.000000e+00 8.427301e+01 -1.261176e+01
9.805055e+01 0.000000e+00 8.427301e+01 1.377754e+01
2.343397e+02 0.000000e+00 2.063116e+02 2.802808e+01
1.821751e+02 0.000000e+00 2.063116e+02 -2.413649e+01
1.293804e+02 0.000000e+00 8.251168e+01 4.686871e+01
4.200744e+01 0.000000e+00 8.251168e+01 -4.050424e+01
1.249502e+02 0.000000e+00 1.313202e+02 -6.370081e+00
1.400563e+02 0.000000e+00 1.313202e+02 8.736006e+00
1.251315e+02 0.000000e+00 1.197625e+02 5.369077e+00
1.135334e+02 0.000000e+00 1.197625e+02 -6.229008e+00
3.795263e+01 0.000000e+00 4.194516e+01 -3.992527e+00
4.698978e+01 0.000000e+00 4.194516e+01 5.044622e+00
1.210086e+02 0.000000e+00 9.994312e+01 2.106552e+01
7.934009e+01 0.000000e+00 9.994312e+01 -2.060303e+01
