1.076681e+02 0.000000e+00 1.028960e+02 4.772095e+00
9.802350e+01 0.000000e+00 1.028960e+02 -4.872525e+00
3.176380e+02 2.450527e+02 2.450527e+02 3.176380e+02
1.783184e+02 2.450527e+02 2.450527e+02 1.783184e+02
4.449062e+01 0.000000e+00 5.233551e+01 -7.844893e+00
5.951598e+01 0.000000e+00 5.233551e+01 7.180463e+00
1.994883e+02 0.000000e+00 1.489558e+02 5.053247e+01
8.945848e+01 0.000000e+00 1.489558e+02 -5.949734e+01
2.035521e+02 0.000000e+00 1.786482e+02 2.490383e+01
1.473140e+02 0.000000e+00 1.786482e+02 -3.133423e+01
1.188974e+02 0.000000e+00 1.070417e+02 1.185565e+01
9.439581e+01 0.000000e+00 1.070417e+02 -1.264593e+01
1.083201e+02 0.000000e+00 8.730080e+01 2.101934e+01
6.551114e+01 0.000000e+00 8.730080e+01 -2.178965e+01
1.041228e+02 0.000000e+00 1.175505e+02 -1.342768e+01
1.331610e+02 0.000000e+00 1.175505e+02 1.561054e+01
1.308040e+02 0.000000e+00 1.321388e+02 -1.334806e+00
1.338528e+02 0.000000e+00 1.321388e+02 1.714023e+00
9.743417e+01 0.000000e+00 1.109517e+02 -1.351757e+01
1.217515e+02 0.000000e+00 1.109517e+02 1.079974e+01
1.419936e+02 0.000000e+00 1.243712e+02 1.762244e+01
1.093900e+02 0.000000e+00 1.243712e+02 -1.498112e+01
2.089358e+02 0.000000e+00 1.747199e+02 3.421583e+01
1.371669e+02 0.000000e+00 1.747199e+02 -3.755304e+01
1.253840e+02 0.000000e+00 1.169722e+02 8.411770e+00
1.078932e+02 0.000000e+00 1.169722e+02 -9.078982e+00
1.010910e+02 0.000000e+00 1.100699e+02 -8.978824e+00
1.201088e+02 0.000000e+00 1.100699e+02 1.003897e+01
2.599793e+02 0.000000e+00 2.619092e+02 -1.929889e+00
2.652062e+02 0.000000e+00 2.619092e+02 3.297006e+00
1.104461e+02 0.000000e+00 9.287671e+01 1.756935e+01
7.626295e+01 0.000000e+00 9.287671e+01 -1.661376e+01
1.830859e+02 0.000000e+00 1.645099e+02 1.857597e+01
1.508573e+02 0.000000e+00 1.645099e+02 -1.365264e+01
7.840392e+01 0.000000e+00 3.811314e+01 4.029078e+01
-8.160438e+00 0.000000e+00 3.811314e+01 -4.627358e+01
2.271044e+02 0.000000e+00 1.438686e+02 8.323581e+01
1.062339e+02 0.000000e+00 1.438686e+02 -3.763469e+01
8.335902e+01 0.000000e+00 9.227178e+01 -8.912762e+00
1.019459e+02 0.000000e+00 9.227178e+01 9.674125e+00
2.042144e+02 0.000000e+00 1.629941e+02 4.122030e+01
1.263527e+02 0.000000e+00 1.629941e+02 -3.664139e+01
1.259199e+02 0.000000e+00 9.302388e+01 3.289606e+01
6.605215e+01 0.000000e+00 9.302388e+01 -2.697173e+01
1.056705e+02 0.000000e+00 1.199472e+02 -1.427677e+01
1.375787e+02 0.000000e+00 1.199472e+02 1.763148e+01
8.426684e+01 0.000000e+00 9.136138e+01 -7.094538e+00
9.864025e+01 0.000000e+00 9.136138e+01 7.278874e+00
5.434065e+01 0.000000e+00 4.393771e+01 1.040294e+01
2.928382e+01 0.000000e+00 4.393771e+01 -1.465389e+01
1.082008e+02 0.000000e+00 8.346377e+01 2.473699e+01
5.802516e+01 0.000000e+00 8.346377e+01 -2.543861e+01
