1.415014e+02 0.000000e+00 1.116951e+02 2.980637e+01
8.045922e+01 0.000000e+00 1.116951e+02 -3.123586e+01
1.541295e+02 0.000000e+00 9.918432e+01 5.494523e+01
5.540690e+01 0.000000e+00 9.918432e+01 -4.377742e+01
1.876066e+02 0.000000e+00 1.681069e+02 1.949965e+01
1.527153e+02 0.000000e+00 1.681069e+02 -1.539160e+01
3.204391e+02 0.000000e+00 2.379361e+02 8.250298e+01
6.601084e+01 0.000000e+00 2.379361e+02 -1.719253e+02
2.141788e+02 0.000000e+00 2.178557e+02 -3.676941e+00
2.230637e+02 0.000000e+00 2.178557e+02 5.207947e+00
2.631258e+02 0.000000e+00 1.846680e+02 7.845784e+01
9.617439e+01 0.000000e+00 1.846680e+02 -8.849356e+01
1.746557e+02 0.000000e+00 1.264413e+02 4.821434e+01
7.269577e+01 0.000000e+00 1.264413e+02 -5.374557e+01
1.803987e+02 0.000000e+00 2.467770e+02 -6.637823e+01
3.262530e+02 0.000000e+00 2.467770e+02 7.947598e+01
1.269068e+02 0.000000e+00 1.022871e+02 2.461975e+01
7.710931e+01 0.000000e+00 1.022871e+02 -2.517775e+01
7.487092e+01 0.000000e+00 1.207411e+02 -4.587023e+01
1.613315e+02 0.000000e+00 1.207411e+02 4.059032e+01
2.693913e+02 0.000000e+00 2.271707e+02 4.222061e+01
1.925778e+02 0.000000e+00 2.271707e+02 -3.459291e+01
3.700937e+02 0.000000e+00 3.645319e+02 5.561829e+00
3.598864e+02 0.000000e+00 3.645319e+02 -4.645447e+00
7.942755e+01 0.000000e+00 4.145986e+01 3.796769e+01
1.631248e+00 0.000000e+00 4.145986e+01 -3.982861e+01
1.560506e+02 0.000000e+00 2.063237e+02 -5.027316e+01
2.742473e+02 0.000000e+00 2.063237e+02 6.792355e+01
5.123359e+02 0.000000e+00 4.966149e+02 1.572095e+01
4.781686e+02 0.000000e+00 4.966149e+02 -1.844635e+01
2.468555e+02 0.000000e+00 1.628617e+02 8.399377e+01
8.049079e+01 0.000000e+00 1.628617e+02 -8.237090e+01
6.212208e+02 5.586704e+02 5.586704e+02 6.212208e+02
4.875776e+02 5.586704e+02 5.586704e+02 4.875776e+02
1.339539e+02 0.000000e+00 1.895764e+01 1.149962e+02
-1.631894e+02 0.000000e+00 1.895764e+01 -1.821470e+02
2.079225e+02 0.000000e+00 1.055272e+02 1.023953e+02
4.159866e+01 0.000000e+00 1.055272e+02 -6.392856e+01
1.363531e+02 0.000000e+00 1.614445e+02 -2.509140e+01
1.867618e+02 0.000000e+00 1.614445e+02 2.531726e+01
2.210985e+02 0.000000e+00 1.862211e+02 3.487733e+01
1.537661e+02 0.000000e+00 1.862211e+02 -3.245506e+01
1.731814e+02 0.000000e+00 1.499272e+02 2.325418e+01
1.298688e+02 0.000000e+00 1.499272e+02 -2.005849e+01
4.171026e+01 0.000000e+00 1.078332e+02 -6.612292e+01
1.837820e+02 0.000000e+00 1.078332e+02 7.594886e+01
1.084908e+02 0.000000e+00 1.362854e+02 -2.779462e+01
1.702271e+02 0.000000e+00 1.362854e+02 3.394173e+01
-1.115635e+02 0.000000e+00 -4.591708e+01 -6.564645e+01
5.941841e+01 0.000000e+00 -4.591708e+01 1.053355e+02
3.510254e+02 0.000000e+00 2.992041e+02 5.182123e+01
2.418038e+02 0.000000e+00 2.992041e+02 -5.740033e+01
