1.430599e+02 0.000000e+00 1.269576e+02 1.610231e+01
1.099304e+02 0.000000e+00 1.269576e+02 -1.702717e+01
2.157834e+02 0.000000e+00 1.500765e+02 6.570685e+01
9.301734e+01 0.000000e+00 1.500765e+02 -5.705918e+01
8.594862e+01 0.000000e+00 7.700005e+01 8.948570e+00
6.896329e+01 0.000000e+00 7.700005e+01 -8.036758e+00
2.332681e+02 0.000000e+00 1.792638e+02 5.400424e+01
1.121513e+02 0.000000e+00 1.792638e+02 -6.711252e+01
2.444724e+02 0.000000e+00 2.012644e+02 4.320798e+01
1.470286e+02 0.000000e+00 2.012644e+02 -5.423582e+01
1.257690e+02 0.000000e+00 1.154531e+02 1.031585e+01
1.048768e+02 0.000000e+00 1.154531e+02 -1.057634e+01
1.360478e+02 0.000000e+00 1.079070e+02 2.814079e+01
7.892975e+01 0.000000e+00 1.079070e+02 -2.897729e+01
1.168335e+02 0.000000e+00 1.271423e+02 -1.030882e+01
1.388187e+02 0.000000e+00 1.271423e+02 1.167633e+01
1.185267e+02 0.000000e+00 1.233866e+02 -4.859904e+00
1.283719e+02 0.000000e+00 1.233866e+02 4.985359e+00
9.584492e+01 0.000000e+00 1.160625e+02 -2.021755e+01
1.328598e+02 0.000000e+00 1.160625e+02 1.679729e+01
1.615117e+02 0.000000e+00 1.437589e+02 1.775273e+01
1.279455e+02 0.000000e+00 1.437589e+02 -1.581348e+01
2.715680e+02 0.000000e+00 2.156445e+02 5.592353e+01
1.505077e+02 0.000000e+00 2.156445e+02 -6.513679e+01
1.305317e+02 0.000000e+00 1.184413e+02 1.209041e+01
1.051614e+02 0.000000e+00 1.184413e+02 -1.327990e+01
1.377687e+02 0.000000e+00 1.518656e+02 -1.409683e+01
1.670245e+02 0.000000e+00 1.518656e+02 1.515892e+01
2.907638e+02 0.000000e+00 2.907782e+02 -1.437677e-02
2.924158e+02 0.000000e+00 2.907782e+02 1.637626e+00
1.345993e+02 0.000000e+00 1.149721e+02 1.962720e+01
9.622342e+01 0.000000e+00 1.149721e+02 -1.874873e+01
2.225951e+02 0.000000e+00 1.969675e+02 2.562760e+01
1.785372e+02 0.000000e+00 1.969675e+02 -1.843033e+01
1.223011e+02 0.000000e+00 7.909047e+01 4.321062e+01
3.033792e+01 0.000000e+00 7.909047e+01 -4.875254e+01
2.332162e+02 0.000000e+00 1.473142e+02 8.590199e+01
1.066014e+02 0.000000e+00 1.473142e+02 -4.071280e+01
9.465655e+01 0.000000e+00 1.075807e+02 -1.292420e+01
1.204973e+02 0.000000e+00 1.075807e+02 1.291655e+01
1.921565e+02 0.000000e+00 1.763451e+02 1.581138e+01
1.619160e+02 0.000000e+00 1.763451e+02 -1.442912e+01
3.131875e+02 2.600989e+02 2.600989e+02 3.131875e+02
2.165218e+02 2.600989e+02 2.600989e+02 2.165218e+02
1.342472e+02 0.000000e+00 1.444681e+02 -1.022094e+01
1.581961e+02 0.000000e+00 1.444681e+02 1.372798e+01
1.302878e+02 0.000000e+00 1.256981e+02 4.589792e+00
1.207285e+02 0.000000e+00 1.256981e+02 -4.969575e+00
6.859442e+01 0.000000e+00 6.514184e+01 3.452586e+00
6.116319e+01 0.000000e+00 6.514184e+01 -3.978642e+00
1.277691e+02 0.000000e+00 1.008678e+02 2.690124e+01
7.484981e+01 0.000000e+00 1.008678e+02 -2.601803e+01
