1.906171e+02 0.000000e+00 1.570369e+02 3.358018e+01
1.148141e+02 0.000000e+00 1.570369e+02 -4.222282e+01
2.824733e+01 0.000000e+00 5.749599e+01 -2.924867e+01
7.713461e+01 0.000000e+00 5.749599e+01 1.963862e+01
-1.746129e+01 0.000000e+00 -9.596218e+00 -7.865074e+00
-1.225502e+00 0.000000e+00 -9.596218e+00 8.370716e+00
4.813440e+01 0.000000e+00 1.144636e+01 3.668804e+01
-3.781878e+01 0.000000e+00 1.144636e+01 -4.926514e+01
1.117462e+01 0.000000e+00 -2.020018e+01 3.137480e+01
-5.951743e+01 0.000000e+00 -2.020018e+01 -3.931725e+01
8.309790e+02 6.881859e+02 6.881859e+02 8.309790e+02
5.510055e+02 6.881859e+02 6.881859e+02 5.510055e+02
6.577106e+01 0.000000e+00 5.831857e+01 7.452488e+00
5.020055e+01 0.000000e+00 5.831857e+01 -8.118023e+00
-1.455128e+01 0.000000e+00 -2.470022e+01 1.014894e+01
-3.538148e+01 0.000000e+00 -2.470022e+01 -1.068126e+01
1.667078e+02 0.000000e+00 1.919219e+02 -2.521411e+01
2.160038e+02 0.000000e+00 1.919219e+02 2.408189e+01
1.085133e+02 0.000000e+00 2.847237e+01 8.004091e+01
-4.264257e+01 0.000000e+00 2.847237e+01 -7.111494e+01
1.055624e+02 0.000000e+00 3.482756e+01 7.073486e+01
-6.962433e+01 0.000000e+00 3.482756e+01 -1.044519e+02
1.151446e+02 0.000000e+00 1.007762e+02 1.436840e+01
8.624209e+01 0.000000e+00 1.007762e+02 -1.453413e+01
-5.747841e+00 0.000000e+00 -3.038546e+00 -2.709295e+00
-5.992117e-01 0.000000e+00 -3.038546e+00 2.439334e+00
2.168669e+02 0.000000e+00 2.349223e+02 -1.805533e+01
2.555160e+02 0.000000e+00 2.349223e+02 2.059373e+01
-7.619389e+01 0.000000e+00 -3.771060e+01 -3.848329e+01
3.542053e+00 0.000000e+00 -3.771060e+01 4.125266e+01
-1.008016e+01 0.000000e+00 1.058335e+01 -2.066351e+01
3.752830e+01 0.000000e+00 1.058335e+01 2.694495e+01
1.760495e+02 0.000000e+00 7.297980e+01 1.030697e+02
-5.517819e+01 0.000000e+00 7.297980e+01 -1.281580e+02
-1.682159e+02 0.000000e+00 -1.940235e+02 2.580760e+01
-2.266364e+02 0.000000e+00 -1.940235e+02 -3.261282e+01
5.129680e+01 0.000000e+00 1.899652e+01 3.230028e+01
4.001324e+00 0.000000e+00 1.899652e+01 -1.499520e+01
-2.645377e+01 0.000000e+00 1.196025e+01 -3.841402e+01
4.261284e+01 0.000000e+00 1.196025e+01 3.065259e+01
1.520369e+02 0.000000e+00 1.461734e+02 5.863464e+00
1.410272e+02 0.000000e+00 1.461734e+02 -5.146271e+00
1.172186e+02 0.000000e+00 8.821712e+01 2.900143e+01
6.041982e+01 0.000000e+00 8.821712e+01 -2.779731e+01
-1.559260e+01 0.000000e+00 -5.427474e+00 -1.016512e+01
3.641247e+00 0.000000e+00 -5.427474e+00 9.068720e+00
1.025457e+00 0.000000e+00 -6.185409e+00 7.210866e+00
-1.303208e+01 0.000000e+00 -6.185409e+00 -6.846671e+00
-8.370892e+01 0.000000e+00 -5.710886e+01 -2.660005e+01
-2.633934e+01 0.000000e+00 -5.710886e+01 3.076953e+01
8.373858e+01 0.000000e+00 9.778712e+01 -1.404855e+01
1.104492e+02 0.000000e+00 9.778712e+01 1.266206e+01
