8.764442e+01 0.000000e+00 8.678292e+01 8.615010e-01
8.526656e+01 0.000000e+00 8.678292e+01 -1.516364e+00
1.712816e+02 0.000000e+00 1.078423e+02 6.343925e+01
4.928664e+01 0.000000e+00 1.078423e+02 -5.855568e+01
1.468037e+01 0.000000e+00 1.823088e+01 -3.550504e+00
2.136176e+01 0.000000e+00 1.823088e+01 3.130884e+00
1.613752e+02 0.000000e+00 1.254882e+02 3.588698e+01
8.279595e+01 0.000000e+00 1.254882e+02 -4.269230e+01
1.475699e+02 0.000000e+00 1.279408e+02 1.962907e+01
1.014932e+02 0.000000e+00 1.279408e+02 -2.644760e+01
6.326596e+01 0.000000e+00 6.317879e+01 8.716909e-02
6.348249e+01 0.000000e+00 6.317879e+01 3.036955e-01
9.297368e+01 0.000000e+00 7.197621e+01 2.099747e+01
5.022259e+01 0.000000e+00 7.197621e+01 -2.175362e+01
7.148290e+01 0.000000e+00 8.056914e+01 -9.086245e+00
9.185144e+01 0.000000e+00 8.056914e+01 1.128230e+01
1.019818e+02 0.000000e+00 1.059695e+02 -3.987627e+00
1.101935e+02 0.000000e+00 1.059695e+02 4.224071e+00
5.064821e+01 0.000000e+00 8.558155e+01 -3.493333e+01
1.140665e+02 0.000000e+00 8.558155e+01 2.848497e+01
1.163529e+02 0.000000e+00 9.959373e+01 1.675914e+01
8.610927e+01 0.000000e+00 9.959373e+01 -1.348447e+01
1.598705e+02 0.000000e+00 1.373664e+02 2.250413e+01
1.123797e+02 0.000000e+00 1.373664e+02 -2.498673e+01
8.385171e+01 0.000000e+00 8.542799e+01 -1.576279e+00
8.739645e+01 0.000000e+00 8.542799e+01 1.968459e+00
3.516294e+01 0.000000e+00 4.309039e+01 -7.927446e+00
5.101473e+01 0.000000e+00 4.309039e+01 7.924340e+00
2.352984e+02 0.000000e+00 2.391790e+02 -3.880612e+00
2.436983e+02 0.000000e+00 2.391790e+02 4.519334e+00
1.014113e+02 0.000000e+00 7.580878e+01 2.560251e+01
5.224983e+01 0.000000e+00 7.580878e+01 -2.355895e+01
1.693763e+02 0.000000e+00 1.448941e+02 2.448220e+01
1.265025e+02 0.000000e+00 1.448941e+02 -1.839158e+01
3.615899e+01 0.000000e+00 8.507272e-01 3.530827e+01
-4.013417e+01 0.000000e+00 8.507272e-01 -4.098490e+01
1.731408e+02 0.000000e+00 1.030875e+02 7.005326e+01
6.892004e+01 0.000000e+00 1.030875e+02 -3.416749e+01
6.297718e+01 0.000000e+00 6.675155e+01 -3.774368e+00
7.151794e+01 0.000000e+00 6.675155e+01 4.766391e+00
3.382703e+02 3.008821e+02 3.008821e+02 3.382703e+02
2.711068e+02 3.008821e+02 3.008821e+02 2.711068e+02
8.506821e+01 0.000000e+00 5.470343e+01 3.036478e+01
2.774945e+01 0.000000e+00 5.470343e+01 -2.695399e+01
8.097249e+01 0.000000e+00 1.005266e+02 -1.955412e+01
1.238980e+02 0.000000e+00 1.005266e+02 2.337140e+01
8.235036e+01 0.000000e+00 8.215225e+01 1.981139e-01
8.160277e+01 0.000000e+00 8.215225e+01 -5.494755e-01
1.863274e+01 0.000000e+00 1.890365e+01 -2.709158e-01
1.865775e+01 0.000000e+00 1.890365e+01 -2.459053e-01
8.321486e+01 0.000000e+00 6.084173e+01 2.237314e+01
3.738262e+01 0.000000e+00 6.084173e+01 -2.345911e+01
